0.13333 0.13333 0.33333 0.66667 0.86667 0.86667 0.73333 0.8 0.93333 0 0 0.03333 0 0.03333 0.06667 0 0 0.03333 14 14 13 8 9 3 8 8 6
0.36364 0.45455 0.45455 0.81818 0.90909 0.81818 0.72727 0.90909 0.81818 0 0.05882 0.05882 0.17647 0.05882 0.02941 0.05882 0 0.02941 9 12 11 10 7 5 5 7 5
0.4 0.53333 0.26667 0.73333 0.73333 0.86667 0.73333 0.73333 0.93333 0 0 0 0 0.06667 0.03333 0.06667 0.03333 0 9 9 12 4 6 2 6 5 2
0.5 0.625 0.5 0.625 0.75 0.75 0.75 0.75 0.75 0.02703 0 0 0.02703 0.02703 0 0 0 0.02703 9 3 4 4 4 3 4 3 4
0 0.42857 0.71429 0.85714 1 1 0.57143 1 1 0 0 0.02632 0 0.02632 0.02632 0.02632 0.02632 0 7 5 4 4 3 1 3 3 0
0.44444 0.33333 1 0.88889 0.88889 1 0.88889 0.88889 1 0 0.05556 0 0 0 0.02778 0.02778 0.02778 0 7 9 0 3 3 2 4 4 2
0.30769 0.23077 0.23077 0.84615 0.92308 0.76923 0.76923 0.92308 0.92308 0 0 0.03125 0 0.03125 0.15625 0 0 0.03125 12 11 12 3 6 9 6 1 5
0.5 0.58333 0.41667 0.83333 0.83333 0.91667 0.83333 0.75 0.83333 0 0 0.0303 0.0303 0.0303 0 0 0.0303 0 8 6 11 7 7 5 5 5 4
0.30769 0.46154 0.15385 0.76923 0.76923 0.84615 0.76923 0.84615 0.84615 0 0 0 0 0.03125 0.03125 0.03125 0.03125 0.03125 12 8 13 4 3 3 5 4 3
0.66667 0.11111 0.66667 0.88889 1 1 1 1 1 0 0 0 0.02778 0.13889 0.05556 0.05556 0.02778 0 5 8 3 1 5 2 10 1 0
0.27273 0.54545 0.36364 0.72727 0.90909 0.90909 0.63636 0.90909 0.81818 0 0 0 0.02941 0 0.11765 0 0 0.02941 10 7 9 8 2 6 5 2 3
0.33333 0.5 0.83333 0.83333 1 1 0.83333 1 1 0 0 0.02564 0.05128 0 0 0 0 0 4 4 2 4 0 0 1 0 0
0.55556 0.11111 0.22222 0.66667 0.77778 0.88889 0.77778 0.88889 0.88889 0 0.02778 0 0 0.02778 0.05556 0.02778 0 0 5 10 9 2 2 4 6 2 1
0.625 0.625 0.5 0.875 0.75 1 0.875 0.75 0.75 0.02703 0 0 0 0.05405 0.05405 0.02703 0 0 5 6 4 1 5 4 2 2 2
0.66667 0.16667 0.83333 0.83333 0.83333 1 0.66667 0.83333 1 0.05128 0 0 0 0 0 0.02564 0.02564 0 6 5 1 3 1 0 5 4 0
0.33333 0.58333 0 0.75 0.75 0.83333 0.83333 0.75 0.83333 0.0303 0 0 0.0303 0.09091 0.0303 0.06061 0 0 12 8 12 8 9 7 7 4 4
0.3 0.4 0.5 0.8 1 0.8 0.7 1 0.8 0.02857 0 0 0 0.14286 0.11429 0 0 0 10 8 8 5 6 7 3 0 3
0.3 0.3 0.7 1 1 1 0.8 1 1 0.02857 0 0 0.02857 0.02857 0.05714 0.02857 0.02857 0 9 8 5 7 5 4 5 5 2
0.44444 0.55556 0.44444 0.77778 0.88889 1 0.88889 1 1 0 0 0 0 0 0.05556 0 0 0 5 7 8 3 4 2 4 5 0
0.16667 0.33333 0.33333 0.66667 0.75 0.83333 0.66667 0.75 0.91667 0 0 0.0303 0 0 0.06061 0 0 0.0303 11 9 10 6 5 6 5 5 5
0.55556 0.33333 0.33333 0.66667 0.88889 1 0.77778 0.88889 1 0 0.05556 0 0.02778 0.08333 0.05556 0.02778 0 0.02778 6 9 6 3 7 4 6 3 4
0.4 0.3 0.5 1 1 1 0.9 0.9 1 0 0 0.05714 0.02857 0.05714 0 0 0 0 8 8 11 4 8 4 4 4 4
0.38462 0.38462 0.30769 0.61538 0.76923 0.84615 0.69231 0.69231 0.92308 0 0 0.03125 0.03125 0.09375 0.03125 0.0625 0 0 8 11 13 9 13 5 11 7 7
0.33333 0.66667 0.77778 1 1 1 0.88889 1 1 0 0.02778 0.02778 0 0.05556 0.02778 0 0 0 7 7 7 4 4 1 1 0 0
0.23077 0.30769 0.53846 0.61538 0.69231 0.84615 0.84615 0.69231 0.84615 0 0 0 0 0.03125 0.03125 0.03125 0 0 11 11 10 5 6 4 7 5 3
0.44444 0.44444 0.44444 0.88889 1 1 0.77778 0.88889 1 0 0 0.02778 0.08333 0.02778 0.02778 0.05556 0 0.02778 7 8 8 6 2 1 4 2 1
0.625 0.625 0.875 0.875 0.875 0.875 0.875 0.875 0.875 0 0 0 0 0.05405 0 0.02703 0.02703 0.05405 4 5 3 3 5 3 7 7 7
0.5 0.75 0.75 0.75 1 1 0.75 1 1 0 0 0.02439 0 0.04878 0.04878 0.02439 0.04878 0 4 4 5 3 2 3 4 3 0
0.55556 0.55556 0.44444 0.77778 0.88889 0.88889 0.88889 0.88889 0.88889 0 0 0 0.02778 0 0.02778 0 0.02778 0 5 6 5 5 3 5 4 5 2
0.36364 0.18182 0.27273 0.81818 0.81818 1 0.72727 0.81818 0.90909 0 0 0 0 0.05882 0.11765 0 0.02941 0.02941 10 11 9 5 8 9 5 5 5
0.55556 0.33333 0.55556 1 0.88889 0.88889 1 1 1 0 0 0.02778 0.05556 0.05556 0.11111 0.02778 0.05556 0.08333 6 6 7 3 7 4 1 5 5
0.375 0.5 0.5 0.75 0.875 1 0.75 0.875 1 0 0.02703 0 0 0.02703 0 0.02703 0 0 5 7 5 5 3 6 6 3 4
0.28571 0.28571 0.42857 1 1 1 1 1 1 0 0 0 0.02632 0.07895 0.10526 0.02632 0.02632 0.05263 7 5 4 1 3 4 1 1 2
0.25 1 1 1 1 1 1 1 1 0 0 0 0.02703 0.02703 0.05405 0.02703 0 0 6 1 0 1 2 2 2 1 0
0.27273 0.45455 0.63636 0.72727 0.81818 1 0.81818 0.81818 1 0 0.02941 0 0.02941 0.05882 0.08824 0.02941 0 0.02941 8 9 6 6 5 3 4 3 1
0.3 0.6 0.4 0.9 1 1 0.9 0.8 1 0 0 0.02857 0.02857 0 0 0 0 0 9 7 8 5 2 4 5 4 4
0.18182 0.36364 0.36364 0.90909 0.90909 0.90909 0.90909 0.90909 1 0 0 0 0.02941 0.11765 0 0 0.02941 0 10 8 9 8 10 4 6 7 2
0.23529 0.17647 0.23529 0.58824 0.64706 0.70588 0.64706 0.70588 0.70588 0 0.07143 0.03571 0.03571 0.10714 0.10714 0.07143 0.07143 0.03571 17 18 17 12 17 16 14 9 9
0.375 0.5 0.5 0.875 0.875 0.875 0.875 0.875 0.875 0.02703 0 0.02703 0 0.02703 0 0 0 0.02703 6 7 6 1 4 1 3 1 2
0.33333 0.55556 0.77778 0.77778 0.77778 0.88889 0.77778 0.77778 0.88889 0 0.02778 0 0 0.02778 0.02778 0 0.02778 0.08333 9 5 3 6 4 3 4 4 7
0.5 0.5 0.5 0.66667 1 1 0.66667 0.83333 1 0.02564 0.02564 0.02564 0.05128 0.05128 0 0 0 0.02564 5 4 5 6 3 0 5 0 2
0.375 0.375 0.375 1 1 1 1 1 1 0 0 0.02703 0 0.02703 0.05405 0.05405 0.02703 0.02703 5 6 6 6 6 3 7 6 2
0.66667 0.33333 0.33333 0.83333 0.83333 0.83333 0.83333 1 0.83333 0.02564 0.02564 0.02564 0 0 0.07692 0.05128 0 0.02564 3 6 5 1 0 4 3 1 2
0.18182 0.36364 0.27273 0.72727 0.90909 0.90909 0.81818 0.81818 0.81818 0.02941 0.02941 0 0.02941 0 0.02941 0.02941 0 0 12 10 11 4 3 4 6 1 1
0.14286 0.42857 0.42857 0.85714 0.85714 0.71429 0.71429 0.71429 0.71429 0.02632 0 0.02632 0 0.05263 0.05263 0.02632 0 0.02632 8 4 6 2 5 5 4 2 4
0.21429 0.14286 0.28571 0.71429 0.78571 0.85714 0.71429 0.78571 0.85714 0 0 0.03226 0 0.03226 0 0.03226 0 0 14 14 15 6 6 7 9 5 7
0.55556 0.44444 0.22222 0.88889 0.88889 1 0.88889 0.88889 0.77778 0.02778 0.02778 0 0 0 0.08333 0.05556 0 0 8 7 8 3 2 7 6 2 1
0.54545 0.54545 0.27273 0.72727 0.81818 0.81818 0.72727 0.72727 0.81818 0 0 0 0.02941 0.02941 0 0 0.02941 0 8 7 11 7 7 4 4 6 4
0.5 0.5 0.3 1 1 1 1 0.9 1 0 0 0 0.02857 0.02857 0.05714 0 0 0 7 8 8 2 2 2 1 1 0
0.5 0.66667 0.5 0.83333 1 0.83333 0.83333 1 0.83333 0 0 0.05128 0 0.02564 0.02564 0 0 0.05128 4 3 6 1 1 2 1 0 3
0.2 0.13333 0.13333 0.66667 0.8 0.8 0.8 0.8 0.86667 0 0.06667 0.03333 0.06667 0.03333 0.03333 0 0.06667 0.06667 15 16 15 13 7 5 10 13 12
0.09091 0.27273 0.09091 0.72727 0.72727 0.81818 0.72727 0.72727 0.81818 0.02941 0 0 0 0.08824 0.08824 0.02941 0 0 11 9 11 8 10 7 6 7 6
0.44444 0.55556 0.77778 0.88889 0.88889 0.88889 0.88889 1 0.77778 0 0 0 0 0 0.02778 0.02778 0 0.02778 8 6 2 2 1 3 3 1 6
0.33333 0.33333 0.25 0.75 0.75 0.83333 0.66667 0.75 0.83333 0.0303 0 0 0.09091 0.12121 0.09091 0 0.06061 0 12 8 10 11 11 8 5 6 2
0.16667 0.33333 0.5 0.66667 0.75 0.83333 0.83333 0.75 0.91667 0 0 0.0303 0.06061 0.0303 0.09091 0.0303 0 0 10 8 7 9 7 10 5 4 2
0.44444 0.44444 0.33333 1 1 1 1 1 1 0.02778 0 0 0 0.05556 0.02778 0.02778 0.02778 0.02778 8 8 7 5 8 3 6 8 1
0.6 0.3 0.4 0.9 0.9 1 0.9 0.8 0.9 0 0 0.02857 0.08571 0.08571 0.11429 0.05714 0.05714 0.05714 7 8 8 10 6 5 9 8 4
0.66667 0.33333 0.5 1 1 1 0.83333 1 1 0 0 0 0.05128 0.05128 0.10256 0 0 0.02564 2 4 3 5 8 9 2 0 7
0.2 0.2 0.3 0.6 0.9 1 0.7 0.9 1 0 0 0 0.02857 0.05714 0.08571 0 0.02857 0 9 9 9 8 5 6 8 5 1
0.54545 0.27273 0.63636 0.81818 0.90909 0.90909 0.81818 0.90909 1 0 0 0.02941 0 0.14706 0.02941 0 0.05882 0 6 10 5 3 8 1 5 7 4
0.33333 0.5 0.83333 0.66667 0.66667 1 0.66667 0.83333 1 0.05128 0.02564 0.02564 0.02564 0 0.02564 0.02564 0 0.02564 7 5 3 4 2 2 4 3 3
0.44444 0.33333 0.55556 0.77778 0.66667 0.77778 0.88889 0.77778 0.66667 0 0 0 0.02778 0.08333 0.05556 0 0.08333 0.02778 6 7 4 3 6 6 5 8 4
0.57143 0.71429 0.71429 0.85714 0.85714 1 0.85714 0.85714 0.85714 0 0 0.05263 0 0 0 0 0.05263 0.07895 6 3 6 2 1 1 1 5 6
0.3 0.8 0.3 1 1 1 0.9 1 1 0 0 0 0 0 0.02857 0 0 0.02857 9 3 8 3 0 1 1 0 2
0.66667 0.66667 0.83333 0.83333 0.83333 1 0.83333 0.83333 0.83333 0 0 0 0 0.02564 0.02564 0 0.05128 0.05128 4 4 1 1 5 4 1 5 5
0.6 0.6 0.4 0.8 0.9 1 0.9 0.8 1 0 0 0.02857 0 0.02857 0 0 0 0.02857 7 7 9 4 9 6 3 7 7
0.44444 0.55556 0.88889 0.77778 1 1 1 1 1 0 0 0 0 0.02778 0 0 0 0 8 6 7 4 4 4 7 2 2
0.57143 0.57143 0.57143 1 0.85714 1 1 0.85714 1 0 0 0.02632 0 0 0 0 0.02632 0 4 3 5 0 1 0 0 2 0
0.41667 0.41667 0.33333 0.91667 0.91667 0.91667 0.91667 0.91667 1 0 0 0 0.06061 0.09091 0.09091 0 0 0.0303 9 10 9 8 5 4 5 2 4
0.2 0.2 0.26667 0.73333 0.86667 0.8 0.73333 0.8 0.73333 0 0 0 0.06667 0.06667 0.06667 0.06667 0.03333 0.06667 14 14 15 9 8 10 12 7 5
0.42857 0.71429 1 1 1 1 1 1 1 0.02632 0 0 0.02632 0.02632 0 0 0.02632 0 6 4 0 1 1 0 0 3 0
0.45455 0.27273 0.54545 0.90909 0.90909 0.90909 0.72727 0.90909 0.90909 0 0 0 0.08824 0.08824 0.11765 0.02941 0.02941 0.02941 9 11 8 9 4 7 5 4 4
0.57143 0.42857 0.71429 1 1 1 0.71429 1 1 0.02632 0 0 0.07895 0.02632 0 0.02632 0 0 5 6 2 6 2 1 2 1 1
0.15385 0.30769 0.15385 0.76923 0.76923 0.84615 0.76923 0.92308 0.84615 0.03125 0 0 0 0 0.0625 0.03125 0 0.03125 13 12 13 6 3 6 7 5 5
0.22222 0.44444 0.22222 0.77778 0.77778 0.88889 0.66667 0.77778 0.77778 0 0 0 0 0 0 0 0 0 8 7 8 5 7 6 4 6 5
0.375 0.5 0.375 0.5 0.875 0.875 0.625 0.75 0.875 0 0.02703 0 0.05405 0.02703 0.05405 0 0 0.02703 8 9 8 7 6 7 7 5 4
0.1 0.4 0.2 0.8 0.9 0.9 0.8 0.9 0.9 0.02857 0 0.02857 0.02857 0.05714 0.02857 0.02857 0.02857 0 11 7 9 6 9 6 10 6 5
0.42857 0.57143 0.57143 0.85714 1 1 0.71429 1 1 0 0 0 0 0 0 0 0 0.02632 4 3 3 2 6 0 1 6 2
0.5 0.375 0.5 0.875 1 1 0.875 1 1 0 0.02703 0.05405 0.05405 0 0.05405 0.05405 0.02703 0 6 6 6 5 2 3 5 3 0
0.27273 0.54545 0.45455 0.81818 0.81818 0.81818 0.72727 0.81818 0.81818 0 0 0 0.02941 0.02941 0.02941 0.02941 0 0 9 7 7 5 4 4 6 3 3
0.05882 0.11765 0.17647 0.64706 0.64706 0.76471 0.64706 0.70588 0.70588 0 0 0.07143 0.03571 0.03571 0.07143 0.03571 0 0 17 17 19 11 12 12 10 10 8
0.36364 0.63636 0.45455 0.81818 0.90909 0.90909 0.72727 0.90909 0.81818 0.02941 0 0.02941 0.05882 0 0.05882 0 0 0.02941 11 7 9 11 7 7 11 7 9
0.08333 0.33333 0.5 0.91667 0.91667 0.91667 0.75 0.91667 0.91667 0.0303 0.0303 0 0.0303 0 0.0303 0.06061 0 0.0303 13 10 8 5 4 4 4 2 2
0.2 0.1 0 0.7 0.9 0.9 0.8 0.8 0.8 0 0.05714 0 0 0.08571 0.05714 0 0.02857 0 9 12 10 5 8 5 6 5 1
0.09091 0.18182 0.18182 0.54545 0.90909 0.90909 0.54545 0.81818 0.90909 0 0 0 0.02941 0.05882 0.02941 0 0 0.02941 10 11 11 10 4 3 5 2 4
0.4 0.33333 0.4 0.8 0.8 0.86667 0.8 0.86667 0.86667 0 0 0 0 0 0.03333 0 0 0 13 14 13 5 5 5 6 7 5
0 0.11765 0 0.58824 0.58824 0.64706 0.58824 0.64706 0.76471 0.03571 0 0 0.03571 0.07143 0.07143 0.07143 0.07143 0.07143 18 17 17 9 12 10 10 13 12
0.2 0.5 0.4 0.7 0.6 0.9 0.6 0.7 0.8 0 0 0 0.02857 0.02857 0.05714 0.02857 0.02857 0.02857 10 7 9 6 5 4 4 5 2
0.28571 0.28571 0.35714 0.64286 0.85714 0.78571 0.64286 0.85714 0.78571 0 0 0 0.03226 0.06452 0.03226 0.03226 0.03226 0 12 12 13 8 6 9 9 5 8
0.2 0 0.2 0.6 0.6 0.6 0.6 0.8 0.8 0 0 0 0.025 0.05 0.05 0.075 0 0 4 5 5 4 4 4 6 3 3
0.07692 0.15385 0.23077 0.76923 0.92308 0.92308 0.76923 0.92308 0.84615 0 0 0 0 0 0.0625 0.0625 0.03125 0 12 11 10 6 5 4 8 6 2
0.44444 0.66667 0.44444 0.66667 0.66667 0.77778 0.55556 0.66667 0.88889 0 0 0 0.02778 0.05556 0 0 0.02778 0.02778 8 6 6 8 7 4 5 8 6
0.5 0.16667 0.5 0.83333 1 1 0.83333 1 1 0 0 0.02564 0.05128 0 0 0 0.02564 0 6 6 5 3 1 0 2 1 0
0.07692 0.15385 0.23077 0.61538 0.76923 0.84615 0.69231 0.76923 0.84615 0.03125 0 0 0.03125 0.03125 0.15625 0.0625 0.03125 0 14 12 12 5 8 9 7 4 2
0.45455 0.36364 0.36364 0.72727 0.90909 1 0.81818 0.81818 1 0 0 0.02941 0 0.08824 0.02941 0 0 0 9 8 11 6 6 1 4 4 0
0.16667 0.83333 0.5 0.83333 0.83333 1 0.83333 0.83333 1 0.02564 0 0.02564 0 0.05128 0.05128 0 0.02564 0.02564 6 2 5 1 5 3 3 3 2
0.25 0.25 0.125 0.5 0.625 0.75 0.625 0.625 0.875 0 0 0 0.02703 0 0 0.02703 0 0.02703 8 8 8 9 5 3 9 5 4
0.33333 0.11111 0.22222 0.88889 0.77778 1 0.88889 1 1 0 0 0 0 0.08333 0.05556 0 0.11111 0.05556 7 8 8 2 5 6 1 13 2
0.18182 0.45455 0.27273 0.72727 0.81818 0.90909 0.81818 0.63636 0.90909 0 0 0 0 0.02941 0 0 0 0 10 7 10 5 6 2 3 2 2
0.14286 0.21429 0.14286 0.71429 0.92857 1 0.71429 0.78571 1 0.03226 0 0 0 0.06452 0.06452 0 0.03226 0 15 14 14 6 6 3 4 2 0
