0.6 1 1 0.8 0.8 0.8 0.8 0.8 0.8 0 0 1 0 0 0 0 0 0 3 0 5 2 2 2 2 2 2
0.16667 0.33333 0.33333 0.83333 0.66667 0.83333 0.66667 1 1 NA NA NA NA NA NA NA NA NA 5 4 4 4 6 4 6 0 0
0.5 0.25 0.5 0.75 0.75 0.75 0.75 0.75 0.75 0 0 0.5 0 0 0 0 0 0 2 4 3 1 1 1 1 1 1
0.75 0.75 0.75 1 0.75 0.75 0.75 0.75 1 0 0 0 0.5 0 0 0 0 0 1 3 3 1 1 3 1 1 1
0.16667 0.5 0.5 0.83333 0.66667 1 0.66667 0.66667 1 NA NA NA NA NA NA NA NA NA 5 5 5 4 6 0 6 6 0
0.5 0.25 0.25 0.75 0.75 0.75 0.75 0.75 0.75 0 0 0 0 0 0 0 0 0 2 3 3 4 1 1 4 1 1
0.75 0.75 0.25 0.75 1 1 0.75 1 1 0.5 0 0.5 0 0 0 0 0 0 5 2 5 4 0 0 4 0 0
0.4 0.8 0.8 0.6 0.8 1 0.8 0.8 0.8 1 0 0 0 1 1 0 0 0 6 3 3 3 6 4 3 3 3
0.5 0.5 1 1 1 1 1 1 1 0 0 0 0.5 0.5 0.5 0 0 0 2 2 0 3 3 3 0 0 0
0.66667 1 0.33333 1 1 1 1 1 1 0 0 0.33333 0 0 0.33333 0 0 0.33333 1 0 3 0 0 1 0 0 4
0.66667 0.66667 1 1 1 1 1 1 1 0 0 0 0 0.33333 0 0 0 0 1 1 0 3 3 2 3 2 2
0.25 0.75 0.75 0.75 0.75 1 0.75 0.75 0.75 0.5 0 0 0 0 0 0 0 0 5 1 1 1 1 4 1 1 1
0.5 0.75 0.5 0.75 0.75 1 0.75 0.75 1 0 0 0 0.5 0 0.5 0 0 0.5 2 2 2 5 2 4 2 2 4
0.6 0.6 0.4 0.8 0.8 0.8 0.8 0.8 0.8 0 0 0 0 1 0 0 0 0 2 2 3 3 4 3 4 3 4
0.2 0.4 0.8 0.8 0.8 1 0.8 1 1 0 0 0 0 0 0 0 0 1 4 3 1 5 3 3 5 3 1
0.5 0.5 1 1 1 1 1 1 1 0 0 0.25 0 0.25 0 0 0 0 1 1 1 0 1 0 0 0 0
0.66667 0.33333 1 1 1 1 1 1 1 0.33333 0 0 0 0 0 0 0 0 4 2 0 0 0 0 0 0 0
0.25 0.75 0.5 0.75 1 1 0.75 1 0.75 0 0 0 0.5 0 0 0 0 0.5 3 1 2 5 0 0 1 0 3
0.75 0.5 0.25 0.5 1 1 0.5 1 1 0 0 0.5 0 0 0 0 0 0.5 3 3 5 4 0 0 4 0 3
0.6 0.4 0.6 0.6 0.6 0.8 0.6 0.4 0.6 0 0 0 0 1 0 0 0 0 4 3 2 2 3 1 2 3 2
0.16667 0.33333 0.16667 0.83333 0.83333 0.83333 0.83333 0.83333 0.83333 NA NA NA NA NA NA NA NA NA 5 4 5 4 1 4 4 4 1
0.5 0.5 1 1 1 1 1 1 1 0 0 0 0 0 0 0 0 0 2 2 0 0 0 0 0 0 0
0.6 0.4 0.6 1 1 1 1 1 1 1 0 1 0 0 1 0 0 0 3 3 3 0 0 1 3 3 0
0.25 0.5 0.5 1 0.75 0.75 0.75 0.75 1 0 0 0 0.5 0.5 0 0 0 0.5 3 2 2 3 5 1 1 1 3
0.75 0.75 0.5 0.75 1 0.75 0.75 0.75 0.75 0 0 0 0 0.5 0 0 0 0 1 1 2 1 3 1 1 1 1
0 0.5 0.5 1 1 1 1 1 1 0.5 0 0 0 0 0 0 0 0 5 2 2 4 0 0 0 0 0
0.75 1 0.5 0.75 1 1 1 1 1 0 0 0 0 0 0 0 0 0 1 0 3 1 0 0 0 0 0
0.75 0.5 0.5 1 1 1 1 1 1 0.5 0 0 0.5 1 0 0 0 0 2 2 2 1 2 0 0 0 0
0.4 0.6 0.8 1 0.8 0.8 0.6 0.8 0.8 0 1 0 0 0 0 0 0 0 3 3 1 0 1 4 2 1 3
0.75 1 1 1 1 1 1 1 1 0 0.5 0 0 0 0.5 0 0 0 1 1 1 0 0 1 0 0 0
0.66667 0.33333 0.33333 1 1 1 0.66667 1 1 0 0.33333 0.33333 0 0 0 0 0 0 3 3 3 3 3 2 3 3 3
0.75 0.75 0.75 0.75 0.75 0.75 0.75 0.75 0.75 0 0.5 0 0 0.5 0.5 0 0.5 0.5 1 3 1 1 3 3 1 2 3
0.4 0.6 0.6 0.6 0.8 1 0.6 0.6 1 0 1 0 0 0 0 0 0 0 4 5 4 3 2 0 4 4 0
1 1 1 1 1 1 1 1 1 0 0 0.33333 0 0.33333 0.66667 0 0 0 0 0 1 0 1 2 0 0 0
0.5 0.5 0.5 0.75 0.75 1 0.75 1 1 0.5 0.5 0 0 0 0 0 0 0 5 4 2 4 4 4 4 3 4
1 1 1 1 1 1 1 1 1 0 0 0 0.33333 0.33333 0 0 0 0 0 0 0 4 1 0 0 0 0
1 1 1 1 1 1 1 1 1 0 0.25 0 0.25 0 0 0 0 0 0 2 0 3 0 0 0 0 0
0.6 0.4 0.8 0.6 1 1 0.6 1 0.8 0 0 0 0 0 0 0 0 0 5 3 5 4 4 3 4 4 1
0.5 1 0.5 1 1 1 1 1 1 0 0 0 0 0 0 0 0 0 3 0 3 0 0 0 0 0 0
0.5 0.5 1 0.75 0.5 0.75 0.75 0.75 0.75 0 0.5 0 0 0 0 0 0 0 4 5 0 1 4 1 1 3 1
0.25 0.5 0.25 0.75 0.75 1 0.75 1 1 0 0 0.5 0.5 0 0 0 0 0 3 2 4 5 1 0 1 4 0
0.33333 0.5 0.33333 0.83333 0.83333 0.83333 0.5 0.5 0.66667 NA NA NA NA NA NA NA NA NA 4 3 4 4 4 4 3 3 2
0.25 1 0.5 0.75 1 1 1 1 1 0 0 0 0 0.5 0.5 0 0 0.5 3 1 3 3 5 5 0 0 1
0.66667 0.66667 0.33333 1 1 1 1 1 1 0.33333 0 0 0 0 0.66667 0.33333 0 0.33333 2 1 2 0 0 3 1 0 1
0 0.66667 0.33333 1 1 1 1 1 1 0.33333 0.33333 0.33333 0.33333 0 0.66667 0.33333 0 0 4 4 4 1 0 3 1 0 0
0.75 1 0.5 1 1 1 1 1 1 0 0 0 0 0 0 0 0.5 0 3 1 3 0 2 0 0 1 0
0.5 1 0.75 1 1 1 1 1 0.75 0 0 0 0 0 0 0 0 0 4 0 2 2 0 2 2 2 2
0 0.25 0.5 1 1 1 1 1 1 0.5 0 0 0 0 0 0 0 0 5 3 2 0 0 0 4 0 0
0.66667 0.33333 0.33333 0.66667 1 1 0.66667 1 1 0.33333 0 0 0.33333 0 0 0 0 0 2 2 2 2 0 0 1 0 0
1 1 1 1 1 1 1 1 1 0.25 0 0 0 0 0 0 0 0 3 0 0 0 0 0 0 0 0
0.75 0.75 0.5 0.75 0.75 1 0.75 0.75 1 0 0 0.5 0 0.5 0 0 0 0 1 1 3 1 2 4 1 1 4
1 1 1 1 1 1 1 1 1 0 0 0.66667 0 0 0 0 0 0 0 0 3 0 0 0 0 0 0
0.5 0.25 0.5 0.75 1 0.75 0.75 1 0.75 0 0 0 0 0 0 0 0 0 2 4 2 1 0 1 1 2 1
1 0.33333 1 1 1 1 1 1 1 0 0 0.33333 0.66667 0 1 0 0 0 0 2 1 3 0 3 0 0 0
0.66667 0.66667 0.33333 0.66667 0.66667 1 0.66667 0.66667 1 0 0 0.33333 0 0 0 0 0 0 2 2 4 2 2 0 2 2 0
0.6 0.6 0.2 0.6 0.8 1 0.6 0.6 0.8 0 0 1 0 0 0 0 0 0 4 4 6 4 4 0 4 4 3
0.75 0.25 0.25 0.75 1 1 0.75 0.75 1 0 0 0 0 0 0 0 0 0 4 3 3 3 4 4 4 4 0
0.6 1 0.4 0.8 1 1 0.6 1 1 0 0 0 0 0 0 0 0 0 3 0 5 2 0 0 4 0 0
0.4 0.6 0.4 0.6 0.8 1 0.6 0.8 0.8 0 0 0 0 0 0 0 0 0 3 4 3 5 4 3 5 4 3
0 1 1 0 1 1 0 1 1 0.2 0 0 0 0 0 0 0 0 2 0 0 1 0 0 1 0 0
0.4 0.6 0.6 1 1 1 1 1 1 0 0 0 0 0 0 0 0 0 4 2 2 0 0 5 0 0 0
0.2 0.2 0.6 0.8 0.8 0.8 0.8 0.8 0.8 0 0 0 0 0 0 0 0 0 5 5 2 3 3 3 3 3 3
0.75 0.75 1 0.75 1 1 0.75 0.75 1 0 0 0 0.5 0 0.5 0 0 0 1 1 0 5 0 1 1 1 0
0.6 0.4 1 0.8 0.8 1 0.8 0.8 0.8 0 0 1 0 1 0 0 0 0 2 3 1 1 2 0 4 1 1
0.16667 0.16667 0.66667 1 1 1 0.66667 1 1 NA NA NA NA NA NA NA NA NA 5 5 2 0 0 0 2 0 0
0.5 0.25 0.25 0.75 0.75 1 0.75 0.75 1 0 0 0 0 0.5 0 0 0 0 4 3 3 4 2 0 1 1 0
0.4 0.4 0.6 0.6 0.8 0.8 0.6 0.6 0.8 0 0 0 0 0 0 0 0 0 5 5 3 4 2 2 4 4 2
0.6 0.4 0.6 1 1 1 1 1 1 0 0 1 0 0 0 0 0 0 2 3 3 3 3 0 0 3 0
0.4 0.6 0.6 0.6 0.8 1 0.8 0.6 0.8 0 0 0 1 0 1 0 0 0 3 2 2 3 1 1 1 2 1
0.2 0.6 0.4 0.8 1 1 1 1 1 0 1 0 0 0 1 0 0 0 4 3 3 5 0 1 3 0 0
0.75 0.75 0.75 0.75 1 1 0.75 0.75 1 0 0 0.5 0.5 0 0 0 0 0 1 1 2 5 0 0 1 1 0
0.5 0.75 0.5 1 1 1 0.75 1 1 0 0 0 0 0 0.5 0 0 0 2 1 2 0 0 4 1 0 0
0.25 0.75 0.75 1 0.75 1 1 1 1 0 0 0 0 0 0 0 0 0 4 1 1 0 1 0 0 0 0
0.6 0.2 0.2 0.6 1 0.8 0.6 0.8 0.8 0 1 0 0 0 1 0 0 0 2 5 4 2 3 2 2 3 1
0.4 0 0.6 0.6 0.4 0.8 0.4 0.8 0.8 0 0 0 0 1 0 0 0 0 5 5 4 4 6 3 5 3 3
0.8 0.6 0.4 0.8 1 1 1 0.8 1 0 0 0 0 1 0 0 0 0 5 2 3 1 1 3 3 1 3
0.4 0.4 0.4 0.6 0.8 0.8 0.8 1 0.8 0 0 0 0 0 0 0 0 0 5 5 5 4 2 2 2 0 2
0.66667 0.66667 1 1 1 1 1 0.66667 1 0 0 0 0 0 0.33333 0 0 0 2 2 0 1 0 1 1 2 0
0.66667 0.33333 0.33333 1 1 1 1 1 1 0 0 0.33333 0 0 0 0 0 0 3 2 3 3 0 0 0 0 0
0.4 0.8 0.2 0.6 0.8 0.8 0.6 0.6 0.6 0 0 1 1 0 0 0 0 0 3 4 5 3 1 1 2 2 2
0.2 0.6 0 0.8 0.8 0.8 0.8 0.8 0.8 0 0 1 0 0 0 0 0 0 5 3 6 2 2 2 2 2 2
1 1 1 1 1 1 1 1 1 0 0 0 0.33333 0.33333 0.33333 0 0 0 0 0 0 4 1 4 0 0 0
0.5 1 1 1 1 1 1 1 1 0 0 0 0 0 0 0 0 0 1 0 0 0 0 0 0 0 0
0.4 0.6 0.6 0.8 0.8 0.8 0.8 0.8 0.8 0 0 0 0 0 0 0 0 0 4 4 4 3 3 3 3 3 3
0.6 0.4 0.6 0.4 0.6 0.8 0.8 0.8 0.8 0 0 0 0 1 0 0 0 0 2 3 2 3 6 1 1 1 1
0.5 0.75 1 0.75 0.75 1 0.75 0.75 1 0 0 0.5 0 0 0.5 0 0 0 4 2 1 2 2 1 2 2 0
0.33333 0.66667 0.33333 0.66667 1 0.66667 0.66667 0.66667 1 0 0 0 0 0 0 0 0 0 2 1 2 1 0 1 1 1 0
0 0.25 0.75 0.75 1 1 0.75 0.75 0.75 0.5 0.5 0 0 0 0.5 0 0 0 5 4 1 1 0 1 1 1 1
0 1 0.66667 0.66667 1 1 0.66667 1 1 0 0 0.33333 0 0 0 0 0 0 3 0 3 3 2 0 1 0 0
0.75 0.75 1 1 1 1 1 1 1 0 0 0 0.5 0 1 0 0 0 2 3 1 1 4 4 0 0 0
0.33333 1 1 1 1 1 1 1 1 0 0 0 0 0 0 0 0 0 2 0 0 0 0 0 0 0 0
0.4 0.8 0.8 0.8 1 0.8 0.6 0.8 0.8 1 0 0 1 0 1 0 0 0 4 1 1 4 0 2 2 4 1
0.5 0.75 0.75 0.5 1 0.75 0.5 1 0.75 0 0 1 0.5 0 0 0 0 0 3 3 5 4 1 1 3 1 1
0.75 1 0.75 0.75 1 1 0.75 0.75 0.75 0 0 0 0 0 0.5 0 0 0 1 1 1 1 1 1 1 1 1
0.75 1 0.75 1 1 1 1 1 1 0 0 0 0 0 0 0 0 0 2 1 4 0 1 0 0 1 0
0.16667 0.33333 0.66667 0.66667 0.66667 0.83333 0.66667 0.66667 0.83333 NA NA NA NA NA NA NA NA NA 5 4 2 2 2 4 2 2 4
0.66667 1 1 1 1 1 1 1 1 0 0 0 0.33333 0 0 0 0 0 1 0 0 4 0 0 0 0 0
0.75 0.5 0.5 1 1 0.75 1 0.75 1 0 0 0 0 0 0 0 0 0 1 2 2 4 0 1 4 1 0
0.75 0.5 0.5 0.75 0.75 1 0.75 0.75 1 0 0 0 0.5 0 0 0 0 0 1 2 2 4 3 0 1 3 4
0.2 0.4 0.4 0.6 0.8 0.8 0.6 0.8 0.8 0 0 0 0 0 0 0 0 0 5 4 4 3 3 3 3 3 3
