0 0.36364 0.54545 0.54545 0.63636 0.72727 0.54545 0.63636 0.72727 0 0 0 0.05882 0.05882 0.08824 0.02941 0 0 11 8 7 9 8 8 8 7 5
0.22222 0.44444 0.66667 0.77778 1 1 0.88889 1 1 0 0 0 0.02778 0.02778 0.02778 0 0 0 9 5 3 3 2 2 2 1 0
0.25 0.5 0.5 0.625 0.625 0.75 0.625 0.625 0.75 0 0 0 0.02703 0.05405 0.05405 0.05405 0 0 8 7 7 6 7 6 10 5 5
0 0.23529 0.47059 0.64706 0.76471 0.88235 0.41176 0.82353 0.82353 0 0 0 0.07143 0.03571 0.03571 0.07143 0 0 17 17 11 9 6 5 13 4 5
0.33333 0.66667 0.88889 0.88889 0.88889 0.88889 0.88889 0.88889 0.88889 0 0 0 0.08333 0.13889 0.11111 0 0 0 6 3 1 11 9 9 3 1 1
0.5 0.58333 0.5 0.66667 0.58333 0.83333 0.75 0.83333 0.83333 0 0 0 0 0.15152 0.15152 0 0.06061 0.0303 8 8 8 8 12 9 8 6 7
0.08333 0.5 0.58333 0.66667 0.91667 0.91667 0.75 0.91667 0.83333 0 0 0 0.09091 0 0.12121 0 0 0.0303 12 11 8 12 5 8 6 4 7
0.35294 0.35294 0.41176 0.58824 0.76471 0.82353 0.52941 0.82353 0.70588 0.03571 0 0 0.10714 0.10714 0.14286 0.03571 0 0 14 12 14 10 7 8 10 3 5
0.44444 0.66667 0.55556 0.77778 0.88889 1 0.77778 0.88889 1 0 0 0.02778 0.05556 0 0.02778 0.02778 0 0.02778 8 6 9 9 3 3 8 4 4
0.28571 0.57143 0.42857 0.85714 1 1 0.71429 1 1 0 0 0 0 0.02632 0.02632 0 0.05263 0.05263 6 5 5 3 3 2 4 6 3
0.625 0.5 0.5 1 1 1 0.875 0.875 1 0 0 0.02703 0.02703 0.05405 0.08108 0.02703 0 0.02703 5 5 6 1 4 3 2 1 1
0.4 0.6 0.6 0.8 0.8 0.9 0.8 0.8 0.9 0 0 0 0.05714 0.08571 0.08571 0 0 0 9 6 8 5 8 4 4 4 2
0.33333 0.44444 0.66667 0.88889 0.77778 0.88889 0.77778 1 1 0 0 0 0 0 0.02778 0.02778 0 0.02778 8 5 5 4 6 4 7 2 4
0.3 0.5 0.5 0.9 1 0.9 0.9 1 0.9 0 0 0.02857 0.02857 0.05714 0.11429 0 0 0 7 7 6 5 4 6 4 4 2
0.45455 0.45455 0.45455 0.72727 0.72727 0.72727 0.81818 0.81818 0.72727 0 0 0 0 0.02941 0.08824 0 0 0 9 8 6 4 7 7 7 5 4
0.33333 0.41667 0.41667 0.66667 0.91667 0.83333 0.58333 0.83333 0.83333 0 0 0 0 0.0303 0 0.0303 0 0 10 9 10 6 4 5 8 5 5
0.33333 0.16667 0.41667 0.66667 0.66667 0.75 0.66667 0.58333 0.83333 0 0 0 0.0303 0 0.09091 0 0 0 11 12 9 6 6 7 5 7 3
0.625 0.75 0.75 1 1 1 1 1 1 0 0 0 0 0 0.05405 0 0 0 4 2 2 1 0 2 1 0 0
0.09091 0.54545 0.54545 0.90909 1 1 1 1 1 0 0 0 0.02941 0.02941 0.05882 0 0 0.02941 11 9 6 3 2 2 2 1 2
0.15385 0.23077 0.53846 0.53846 0.53846 0.69231 0.53846 0.53846 0.69231 0 0 0 0.125 0.15625 0.125 0.03125 0.03125 0.03125 12 11 10 13 14 11 10 11 11
0.38462 0.38462 0.61538 0.76923 0.84615 0.92308 0.76923 0.92308 0.84615 0 0 0 0.03125 0.0625 0.0625 0 0.03125 0 9 9 6 4 7 6 3 3 2
0.26667 0.26667 0.4 0.86667 0.93333 1 0.8 0.86667 0.93333 0 0 0 0.03333 0.06667 0.13333 0 0 0 13 14 10 5 8 10 5 2 1
0.5 0.75 1 0.875 1 1 0.875 1 1 0 0 0 0.02703 0.05405 0.08108 0 0 0 6 3 1 3 3 3 2 1 0
0.25 0.41667 0.58333 0.66667 0.75 0.91667 0.66667 0.75 0.83333 0 0 0 0 0 0 0.0303 0 0 9 11 6 6 4 2 7 4 3
0.45455 0.54545 0.81818 0.90909 0.90909 0.90909 0.90909 0.81818 0.90909 0 0 0 0 0 0.02941 0 0 0.02941 10 11 5 4 1 5 4 6 3
0.3 0.4 0.5 0.6 0.8 1 0.6 0.8 1 0 0 0 0 0 0 0 0 0 10 9 7 5 2 3 5 2 3
0.25 0.75 0.75 0.875 0.875 1 0.875 1 1 0 0 0 0.02703 0.02703 0.02703 0 0.02703 0 7 5 5 5 4 2 1 1 1
0 0.28571 0.57143 0.28571 0.85714 0.85714 0.42857 0.85714 1 0 0 0 0.02632 0 0 0.07895 0 0 7 6 3 7 1 1 9 1 3
0.4 0.5 0.8 0.9 0.9 0.9 0.9 0.9 0.9 0 0 0 0.05714 0 0.11429 0 0.02857 0.02857 6 5 3 3 1 6 1 3 4
0.2 0.46667 0.53333 0.73333 0.8 0.73333 0.73333 0.8 0.73333 0 0 0 0.03333 0.1 0.06667 0 0.03333 0 15 12 11 7 11 6 8 8 4
0.30769 0.46154 0.53846 0.69231 0.76923 0.76923 0.76923 0.76923 0.76923 0 0 0 0 0.09375 0.125 0 0 0 11 9 9 6 8 9 6 5 6
0.3 0.5 0.5 0.7 0.7 0.9 0.8 0.7 0.9 0 0 0 0.05714 0.05714 0.05714 0.02857 0 0.02857 10 9 8 8 10 6 7 4 4
0.375 0.5 0.375 1 0.875 1 1 0.875 1 0 0 0 0.02703 0 0 0.02703 0 0 5 5 5 1 3 0 1 2 0
0.4 0.5 0.6 0.7 0.8 0.9 0.6 0.8 1 0 0 0 0 0.02857 0.02857 0 0 0 9 6 5 3 3 3 5 2 2
0.44444 0.44444 0.88889 1 1 1 1 1 1 0 0 0 0 0.05556 0.13889 0 0.05556 0 6 6 2 0 2 5 0 4 0
0 0.375 0.25 0.875 1 0.875 0.875 1 0.875 0 0 0 0 0.02703 0.16216 0 0 0.02703 8 5 7 1 1 10 1 0 4
0.5 0.7 0.7 0.8 0.8 0.8 0.8 0.8 0.8 0 0 0 0.08571 0.05714 0.05714 0.02857 0 0 6 5 3 6 5 5 4 2 2
0.25 0.5 0.625 0.875 0.875 1 0.875 1 1 0 0 0 0.05405 0 0.02703 0.05405 0 0 8 5 5 5 2 3 5 2 2
0.3 0.6 0.4 0.8 0.9 1 0.7 0.9 0.9 0 0 0 0.02857 0.02857 0.05714 0.02857 0 0 10 6 8 8 8 8 6 3 2
0.375 0.625 0.75 0.75 0.75 0.875 0.75 0.75 0.875 0 0 0 0.05405 0.02703 0.02703 0.02703 0 0 7 4 3 5 4 3 6 3 2
0.21429 0.28571 0.5 0.78571 0.78571 0.92857 0.78571 0.71429 1 0 0 0 0.03226 0.06452 0.09677 0 0.03226 0 12 12 8 5 10 8 3 7 5
0.18182 0.45455 0.45455 0.81818 1 1 0.63636 0.90909 0.90909 0.02941 0 0 0.05882 0.02941 0.14706 0.02941 0 0 12 10 8 7 4 9 8 1 3
0.25 0.5 0.875 0.875 0.875 1 0.75 1 1 0 0 0 0.02703 0 0.02703 0.05405 0 0 7 6 6 5 4 3 8 4 2
0.36364 0.36364 0.45455 0.54545 0.54545 0.72727 0.54545 0.54545 0.72727 0 0 0 0.02941 0.05882 0.02941 0 0.02941 0.02941 8 11 10 9 11 6 9 10 6
0.4 0.46667 0.53333 0.6 0.53333 0.66667 0.6 0.6 0.8 0 0 0 0.1 0.06667 0.06667 0 0 0 9 9 9 12 11 8 8 9 5
0.27273 0.54545 0.54545 0.72727 0.81818 1 0.72727 0.90909 1 0 0 0 0 0.08824 0.05882 0.02941 0 0 8 8 7 5 11 10 8 7 5
0.23077 0.46154 0.61538 0.69231 0.69231 0.84615 0.69231 0.69231 0.92308 0 0 0 0 0.0625 0.03125 0 0 0 11 7 7 7 9 4 8 5 3
0.22222 0.44444 0.44444 0.88889 0.77778 1 0.88889 0.77778 0.88889 0 0 0 0 0.05556 0.02778 0 0 0 8 6 6 4 4 3 4 2 3
0.23077 0.30769 0.61538 0.69231 0.69231 0.69231 0.61538 0.69231 0.69231 0 0 0.03125 0.125 0.09375 0.125 0.03125 0.03125 0.03125 13 12 7 10 8 9 6 5 6
0.42857 0.71429 0.85714 1 1 1 1 1 1 0 0 0 0 0.05263 0.02632 0 0.05263 0.02632 4 2 1 0 5 4 0 5 2
0.09091 0.27273 0.18182 0.36364 0.81818 0.81818 0.63636 0.72727 0.72727 0 0 0 0.08824 0.08824 0.08824 0.05882 0.02941 0 11 11 10 10 6 6 6 4 3
0 0.4 0.5 0.6 0.7 0.9 0.6 0.6 0.8 0 0 0 0.02857 0 0 0.02857 0 0 10 10 9 11 5 4 10 9 8
0.1875 0.375 0.625 0.6875 0.75 0.8125 0.6875 0.75 0.8125 0 0 0 0 0.06897 0.10345 0.03448 0 0 16 12 7 9 8 6 7 6 4
0.36364 0.63636 0.72727 0.81818 1 1 0.72727 0.90909 1 0 0.02941 0 0.05882 0.05882 0.05882 0.02941 0 0 9 8 5 7 4 7 7 3 1
0.05882 0.23529 0.29412 0.64706 0.70588 0.76471 0.52941 0.70588 0.76471 0 0 0 0.17857 0.14286 0.25 0.07143 0 0 17 15 14 15 15 21 13 9 8
0.21429 0.42857 0.5 0.71429 0.64286 0.78571 0.57143 0.57143 0.78571 0 0 0 0 0.03226 0.03226 0.03226 0.03226 0 13 8 7 7 6 7 10 8 4
0 0 1 0.66667 1 1 0.66667 1 1 0 0.02381 0 0 0 0 0 0 0 3 4 0 1 0 0 1 0 0
0.42857 0.57143 0.71429 0.71429 0.71429 0.85714 0.71429 0.71429 0.71429 0 0 0 0 0.02632 0 0 0 0.02632 6 6 4 4 5 2 4 4 5
0.8 1 1 1 1 1 1 1 1 0 0 0 0.025 0.025 0.025 0.05 0 0 1 0 0 1 4 1 3 0 0
0.33333 0.55556 0.55556 0.77778 0.77778 0.88889 0.77778 0.77778 0.77778 0 0 0 0.02778 0.05556 0.11111 0 0.02778 0.02778 6 5 4 5 7 9 4 6 5
0.2 0.4 0.6 0.7 0.8 0.9 0.8 0.7 0.8 0 0 0 0.08571 0.02857 0.08571 0 0 0 9 7 5 8 6 7 4 5 3
0.33333 0.2 0.46667 0.6 0.66667 0.66667 0.53333 0.66667 0.66667 0 0 0 0.06667 0.03333 0.03333 0.06667 0.03333 0 15 15 13 9 7 7 10 7 6
0.11765 0.17647 0.35294 0.76471 0.64706 0.70588 0.70588 0.64706 0.76471 0 0 0 0.03571 0.10714 0.03571 0 0.07143 0 17 15 12 5 10 7 7 8 5
0.4 0.6 0.6 0.9 0.9 0.9 0.9 0.9 0.8 0 0 0 0.02857 0.02857 0.11429 0 0 0.05714 10 7 7 5 4 8 4 4 7
0.36364 0.54545 0.63636 0.90909 0.81818 0.81818 0.81818 0.81818 0.90909 0 0 0 0 0.02941 0.05882 0 0.02941 0.02941 10 5 5 2 5 4 3 6 5
0.66667 0.5 0.33333 0.83333 1 1 0.83333 1 1 0 0.02564 0 0.02564 0.02564 0.07692 0 0 0 4 6 5 2 1 3 1 0 0
0.33333 0.33333 0.66667 0.88889 1 1 1 1 1 0 0 0 0.05556 0.08333 0.13889 0 0.02778 0 7 7 3 6 5 9 4 2 1
0.75 0.75 0.875 1 0.875 1 1 1 1 0 0 0 0.02703 0 0.02703 0 0 0 4 4 4 2 2 2 1 0 1
0.33333 0.5 0.5 0.75 1 1 0.75 0.75 1 0 0 0 0 0.0303 0.06061 0.0303 0 0 11 6 6 4 4 6 9 8 2
0.5 0.5 0.66667 1 1 1 1 1 1 0.02564 0.02564 0 0 0.05128 0.10256 0 0.02564 0.02564 4 4 4 0 7 6 0 2 1
0.22222 0.77778 0.77778 0.88889 1 0.77778 0.88889 1 1 0 0 0 0.02778 0 0.02778 0.02778 0 0.05556 9 2 2 4 0 3 3 0 2
0.4 0.6 0.8 0.8 1 1 0.8 1 1 0 0 0 0.025 0 0.025 0 0.05 0 4 3 1 2 0 1 1 3 0
0.54545 0.63636 0.72727 0.90909 0.81818 0.81818 0.81818 0.90909 0.81818 0 0 0 0 0.08824 0.02941 0 0 0.02941 9 6 5 4 8 5 4 4 4
0.46154 0.46154 0.61538 0.69231 0.84615 0.92308 0.61538 0.84615 0.84615 0 0 0 0 0.09375 0.0625 0 0 0 9 9 7 5 7 3 7 4 2
0.44444 0.11111 0.55556 0.88889 0.77778 1 0.88889 0.88889 1 0 0 0 0.02778 0.02778 0.08333 0 0.08333 0.02778 5 9 7 6 4 6 3 6 2
0.21429 0.42857 0.5 0.64286 0.78571 0.78571 0.71429 0.78571 0.85714 0 0 0 0.03226 0.06452 0.09677 0 0.03226 0 14 9 11 10 8 10 8 7 6
0.57143 0.71429 0.71429 0.85714 1 1 1 1 1 0 0 0 0 0.02632 0.05263 0 0 0 6 6 4 1 2 3 1 1 1
0.28571 0.71429 0.57143 0.57143 0.85714 1 0.57143 1 1 0.02632 0 0 0 0.02632 0.02632 0 0.05263 0 7 3 5 4 3 2 4 4 1
0.44444 0.44444 0.66667 0.88889 0.77778 0.88889 0.88889 1 1 0 0.02778 0 0 0.08333 0.05556 0 0.05556 0.02778 6 6 3 1 9 6 1 8 3
0.4 0.4 0.6 1 1 1 1 1 1 0 0 0 0 0 0 0 0 0 4 4 2 1 0 0 1 0 0
0.4 0.7 0.9 0.8 1 0.9 0.8 0.8 0.9 0 0 0 0.02857 0.05714 0.05714 0 0 0 8 8 6 9 4 6 6 6 4
0.16667 0.33333 0.25 0.66667 0.75 0.75 0.66667 0.66667 0.75 0 0 0 0.0303 0.0303 0.09091 0.0303 0 0 12 8 12 5 5 7 8 5 3
0.4 0.6 0.7 0.8 0.9 1 0.8 0.9 1 0 0 0 0.02857 0 0.05714 0.02857 0 0 8 6 4 5 2 2 5 2 0
0.42857 0.57143 0.85714 1 1 1 1 1 1 0 0 0 0.05263 0 0.05263 0.02632 0 0 6 5 1 5 2 2 4 2 0
0.36364 0.27273 0.54545 0.72727 0.81818 1 0.63636 0.81818 1 0 0 0.02941 0.02941 0.02941 0.02941 0 0 0 11 10 8 5 3 5 5 4 1
0.375 0.625 0.75 0.75 1 1 0.875 1 1 0 0 0 0.05405 0.02703 0.08108 0 0 0 6 3 2 6 2 10 3 0 0
0.23077 0.38462 0.69231 0.76923 0.84615 0.84615 0.76923 0.76923 0.76923 0 0 0 0.0625 0.03125 0.03125 0 0.03125 0 11 10 4 6 4 3 3 4 3
0.5 0.25 0.875 0.875 0.875 0.875 0.875 0.875 0.875 0 0 0 0.02703 0.08108 0.08108 0 0.02703 0 8 7 2 3 6 6 2 3 3
0.44444 0.55556 0.66667 0.88889 0.88889 0.88889 0.88889 0.77778 0.88889 0 0 0 0 0.05556 0.02778 0 0.02778 0 7 6 5 2 4 3 2 6 1
0.22222 0.33333 0.33333 0.77778 1 1 0.77778 0.66667 0.88889 0 0 0 0.02778 0.05556 0.05556 0 0 0 8 8 8 6 5 5 4 3 3
0.44444 0.55556 0.88889 0.77778 1 1 0.55556 1 1 0 0 0 0 0.05556 0.02778 0 0 0 8 6 2 3 2 1 7 0 0
0.13333 0.4 0.33333 0.66667 0.73333 0.73333 0.66667 0.73333 0.73333 0.03333 0 0 0.06667 0.13333 0.1 0 0.06667 0 14 11 11 10 13 10 8 8 7
0.83333 0.5 0.83333 1 1 1 1 1 1 0 0 0 0 0.05128 0.10256 0 0 0.10256 6 4 2 2 3 6 2 2 6
0.4 0.8 1 0.8 1 1 0.8 1 1 0 0 0 0 0.025 0 0.025 0.05 0.025 3 3 0 3 2 0 4 4 3
0.375 0.5 1 1 1 1 1 1 1 0 0 0 0 0.05405 0.02703 0 0 0 7 4 1 1 5 4 1 3 1
0.21429 0.35714 0.57143 0.78571 0.64286 0.78571 0.78571 0.64286 0.71429 0 0.03226 0 0.06452 0.12903 0.12903 0 0 0.03226 12 13 9 8 11 10 6 7 9
0.07692 0.23077 0.30769 0.76923 0.92308 0.84615 0.69231 0.69231 0.76923 0.03125 0 0 0.09375 0.15625 0.15625 0 0.03125 0 14 12 10 11 13 12 7 8 3
0.55556 1 1 1 1 1 1 1 1 0 0 0 0 0 0 0 0 0 4 1 1 0 0 0 0 1 0
0.23077 0.53846 0.61538 0.61538 0.84615 0.84615 0.76923 0.84615 0.84615 0 0 0.03125 0.03125 0.03125 0.1875 0.09375 0 0 13 8 10 10 6 10 9 5 3
0.53846 0.46154 0.53846 0.84615 0.84615 0.84615 0.84615 0.84615 0.84615 0 0 0 0 0.03125 0.125 0.03125 0.03125 0.03125 8 9 9 5 4 7 7 4 4
