0.0625 0.125 0.25 0.75 0.6875 1 0.6875 0.4375 0.8125 0 0.03448 0.03448 0.13793 0.13793 0.27586 0.03448 0.06897 0.10345 16 17 14 12 11 10 8 14 9
0.375 0.375 0.875 0.75 0.875 1 0.75 1 0.875 0 0 0.02703 0.05405 0.02703 0.05405 0.02703 0.05405 0 5 5 4 6 2 2 3 7 1
0 0.625 0.75 0.75 0.875 0.875 0.875 0.875 1 0 0 0.02703 0.05405 0.02703 0.10811 0.02703 0 0.05405 8 5 5 6 7 9 4 1 7
0.09091 0.45455 0.54545 0.81818 0.90909 1 0.81818 0.81818 0.90909 0 0 0.05882 0.05882 0.08824 0.14706 0.05882 0 0.02941 11 8 12 9 6 10 9 5 5
0.25 0.5 0.75 0.75 0.75 0.875 0.875 0.875 1 0 0 0 0 0.08108 0 0 0.02703 0.02703 6 4 2 5 8 3 7 8 3
0 0.55556 0.66667 0.88889 1 1 0.88889 1 1 0 0 0.02778 0.05556 0 0.08333 0.02778 0 0.02778 9 5 4 4 3 3 2 1 3
0.2 0.3 0.7 0.8 0.6 0.8 0.7 0.9 0.8 0 0.02857 0 0.05714 0.14286 0.08571 0 0.02857 0.02857 8 8 8 8 12 13 8 7 7
0.09091 0.18182 0.45455 0.63636 1 0.90909 0.72727 0.81818 0.81818 0 0.02941 0 0.05882 0.02941 0.02941 0 0.02941 0 11 10 9 7 3 4 3 3 2
0.2 0.2 0.7 0.7 0.9 0.9 0.7 0.8 0.9 0 0 0 0.05714 0.02857 0.08571 0 0.02857 0 9 9 8 9 8 6 6 6 6
0.125 0.375 0.625 0.875 0.875 0.875 0.875 0.875 0.875 0 0 0 0.08108 0.08108 0.13514 0.02703 0 0.05405 8 8 5 5 4 7 3 2 4
0 0.6 0.6 0.6 0.6 1 0.6 0.8 1 0 0.025 0.025 0.05 0.025 0.05 0.025 0 0 5 4 4 5 6 2 4 4 0
0.375 0.5 1 0.75 1 1 0.75 0.875 1 0 0 0.02703 0 0.05405 0.05405 0 0.02703 0 6 6 3 4 3 3 4 5 0
0.07143 0.28571 0.35714 0.57143 0.85714 0.78571 0.64286 0.85714 0.78571 0 0 0 0.03226 0.09677 0.09677 0.03226 0.03226 0.03226 14 12 11 10 5 8 8 4 6
0.09091 0.45455 0.45455 0.36364 0.72727 0.81818 0.45455 0.54545 0.81818 0 0 0 0 0 0 0 0 0 10 10 9 9 6 2 8 7 3
0.2 0.6 0.4 0.8 1 1 0.8 1 1 0 0.05 0 0 0 0.05 0 0 0.025 4 6 3 1 0 4 1 0 1
0.09091 0.45455 0.72727 0.72727 0.90909 0.90909 0.63636 0.72727 0.81818 0 0 0 0.05882 0.11765 0.14706 0 0.02941 0.02941 11 9 6 7 6 7 7 5 5
0.22222 0.44444 0.66667 0.77778 0.88889 1 0.77778 0.77778 0.88889 0 0 0 0.02778 0.05556 0.08333 0 0.02778 0 8 5 3 6 5 6 2 3 1
0.33333 0.55556 0.66667 0.77778 0.88889 0.88889 0.77778 0.88889 0.88889 0 0 0 0 0.08333 0.08333 0 0 0 8 5 4 4 7 6 3 4 2
0 0.27273 0.81818 0.81818 0.90909 0.90909 0.81818 0.90909 0.90909 0 0 0.05882 0.05882 0.05882 0.14706 0 0 0 11 9 8 7 4 7 5 2 2
0 0.2 0.8 0.8 1 1 0.8 1 1 0 0 0 0.025 0 0.025 0.025 0 0.025 5 5 2 4 0 3 3 0 2
0.1 0.3 0.6 0.8 0.9 1 0.8 0.9 1 0 0 0 0.08571 0.08571 0.2 0.02857 0 0.02857 9 9 5 6 4 12 6 1 1
0.22222 0.77778 0.77778 0.88889 0.77778 0.88889 0.77778 0.77778 0.88889 0 0 0.02778 0.02778 0.08333 0.11111 0.02778 0 0 8 3 5 4 8 8 5 4 2
0.11111 0.44444 0.55556 0.55556 1 1 0.55556 1 1 0.02778 0 0 0.05556 0.02778 0 0 0 0 10 6 4 7 4 1 4 1 3
0.09091 0.27273 0.54545 0.63636 0.81818 0.81818 0.54545 0.72727 0.72727 0 0 0 0 0.02941 0.05882 0.02941 0 0 10 9 7 4 6 7 6 5 5
0.11111 0.55556 0.88889 0.88889 1 0.88889 0.88889 0.88889 0.88889 0 0 0 0.02778 0 0.05556 0 0 0 8 4 5 7 7 5 5 1 3
0.11111 0.33333 0.33333 0.66667 0.77778 0.83333 0.5 0.55556 0.72222 0 0 0.03704 0.07407 0.14815 0.07407 0 0 0 18 14 15 11 11 9 14 11 6
0.125 0.625 0.875 1 1 1 0.875 1 1 0 0 0 0.02703 0 0.13514 0 0.02703 0 7 4 4 3 0 7 1 4 0
0 0 0.71429 0.42857 0.71429 0.85714 0.42857 0.71429 0.85714 0 0 0 0 0 0 0.02632 0 0.02632 7 7 4 7 3 1 8 3 2
0.07692 0.30769 0.38462 0.69231 0.92308 0.84615 0.53846 0.69231 0.69231 0 0 0.03125 0.0625 0 0.0625 0.03125 0 0.03125 13 11 9 9 4 8 9 5 8
0.08333 0.41667 0.75 0.83333 0.91667 0.91667 0.91667 0.91667 0.91667 0 0 0 0 0.06061 0.0303 0 0 0.0303 12 9 3 3 3 2 1 1 2
0 0.22222 0.77778 0.66667 0.88889 0.88889 0.66667 0.88889 0.88889 0 0 0 0 0.02778 0.05556 0 0 0.02778 9 9 4 7 2 6 7 4 6
0.2 0.4 1 1 1 1 1 1 1 0 0 0.025 0.025 0.025 0.075 0.025 0 0 5 4 4 3 1 3 1 0 0
0 0.41667 0.5 0.75 0.83333 0.91667 0.58333 0.91667 0.91667 0 0 0 0.09091 0.06061 0.12121 0.06061 0 0 12 9 8 10 5 7 12 3 3
0 0.2 0.8 0.6 1 1 0.4 1 1 0 0 0.025 0 0 0 0 0.025 0.05 5 5 3 3 1 1 3 3 4
0.125 0.25 0.625 0.875 0.75 0.875 0.875 0.875 0.875 0 0 0 0.02703 0.02703 0.05405 0.02703 0.02703 0 8 8 4 3 3 4 3 2 2
0 0.46154 0.61538 0.69231 0.84615 0.84615 0.69231 0.76923 0.84615 0 0 0.03125 0.0625 0.09375 0.1875 0 0 0.03125 13 8 8 7 6 10 6 4 5
0 0.6 0.6 1 1 1 1 1 1 0 0 0 0 0.025 0.025 0 0 0.025 5 2 4 3 5 1 3 3 1
0.09091 0.54545 0.72727 0.72727 0.72727 0.90909 0.63636 0.72727 0.72727 0 0.02941 0 0 0.02941 0.08824 0 0 0 11 7 6 6 6 5 8 5 5
0 0.27273 0.27273 0.81818 0.90909 0.72727 0.72727 0.90909 0.81818 0 0 0.02941 0.14706 0.11765 0.17647 0.05882 0 0 11 10 10 11 10 14 9 1 3
0.42857 0.42857 1 1 1 1 1 1 1 0 0 0.07895 0 0.02632 0.05263 0 0 0.05263 6 7 4 1 2 3 0 0 2
0 0.375 0.625 0.5 0.875 0.75 0.625 0.875 0.75 0 0 0.02703 0 0 0.05405 0 0 0 8 5 6 4 4 7 3 4 2
0.18182 0.36364 0.45455 0.81818 0.72727 1 0.81818 0.72727 0.81818 0 0 0.02941 0 0.08824 0.11765 0 0.05882 0.02941 11 8 10 5 11 5 5 9 4
0.28571 0.5 0.57143 0.71429 0.85714 1 0.71429 0.85714 0.85714 0 0.03226 0 0 0.09677 0.09677 0.03226 0 0 10 12 6 7 9 7 7 4 5
0.06667 0.26667 0.53333 0.66667 0.66667 0.8 0.53333 0.66667 0.73333 0 0 0 0.03333 0.06667 0.03333 0.03333 0 0 15 13 10 10 13 5 10 9 8
0 0.28571 0.85714 0.85714 1 1 1 1 1 0 0 0 0 0 0 0 0.02632 0 7 7 1 2 0 0 0 1 0
0.08333 0.5 0.08333 0.91667 0.91667 1 0.83333 0.91667 0.91667 0 0 0 0.06061 0.09091 0.21212 0 0 0.0303 12 9 12 5 5 7 2 1 4
0 0.25 0.5 0.875 0.875 1 0.875 1 1 0 0 0 0 0.02703 0.02703 0 0 0 8 7 7 6 7 6 4 5 5
0 0.4 0.7 0.9 1 1 0.8 0.9 1 0 0 0.02857 0.05714 0.02857 0.11429 0.02857 0 0 10 9 7 4 2 5 4 3 0
0.3 0.6 0.8 0.9 0.9 0.9 0.8 0.9 0.9 0 0 0 0 0.02857 0.08571 0 0 0.02857 7 5 3 5 7 5 3 4 3
0.08333 0.41667 0.66667 0.75 0.75 0.83333 0.66667 0.83333 0.83333 0 0 0 0.09091 0.18182 0.24242 0.0303 0.09091 0.06061 12 9 5 9 11 12 5 7 5
0.23077 0.38462 0.30769 0.76923 0.84615 0.84615 0.76923 0.69231 0.76923 0 0 0.03125 0.09375 0.09375 0.125 0.03125 0 0.03125 12 8 12 8 9 11 5 6 8
0.1 0.6 0.6 0.7 0.8 0.8 0.6 0.8 0.8 0 0 0 0.05714 0.05714 0.05714 0 0 0 10 8 9 8 5 6 7 5 5
0.07692 0.38462 0.61538 0.61538 0.84615 0.92308 0.53846 0.84615 0.92308 0 0 0 0.03125 0.0625 0.03125 0 0 0 12 11 5 8 8 8 6 4 7
0.18182 0.36364 0.54545 0.72727 0.81818 0.90909 0.72727 0.72727 0.90909 0 0.02941 0.02941 0.05882 0.08824 0.11765 0.02941 0.02941 0.02941 9 8 7 10 8 7 7 7 2
0.2 0.4 0.7 0.8 0.8 0.9 0.8 0.7 0.7 0 0 0 0.08571 0.08571 0.05714 0.02857 0.05714 0 8 7 5 6 8 4 4 7 5
0.18182 0.63636 0.81818 0.81818 0.90909 1 0.90909 0.90909 0.90909 0 0 0 0.08824 0.02941 0.05882 0.05882 0 0 10 8 6 9 7 4 8 2 2
0.375 0.625 0.875 0.875 0.875 1 0.875 0.875 1 0 0.02703 0 0 0.02703 0.08108 0 0 0.05405 6 6 1 1 2 3 1 1 6
0.11111 0 0.66667 0.88889 0.77778 0.88889 0.66667 0.77778 0.77778 0 0 0 0.02778 0.05556 0.02778 0 0.02778 0 8 9 5 4 7 4 3 5 4
0.0625 0.3125 0.4375 0.6875 0.8125 0.875 0.5625 0.6875 0.75 0 0 0.03448 0.03448 0.03448 0.06897 0.03448 0 0 16 13 14 12 12 8 15 12 8
0 0.14286 0.85714 0.57143 0.64286 0.78571 0.57143 0.71429 0.71429 0 0 0.06452 0.03226 0.06452 0.06452 0 0 0 14 14 6 12 9 8 9 10 8
0.2 0.4 0.6 0.7 0.9 0.8 0.7 0.9 0.8 0 0 0 0 0 0 0 0 0.02857 9 8 7 7 3 6 7 2 7
0 0.44444 0.44444 0.88889 0.88889 1 0.88889 1 1 0 0 0 0 0.02778 0.08333 0.02778 0 0.02778 9 7 6 3 5 4 5 1 3
0.4 0.8 0.8 0.8 0.9 1 0.7 0.9 1 0 0 0 0 0.02857 0.05714 0 0 0 6 2 2 2 4 5 4 3 2
0 0.14286 0.42857 0.71429 0.78571 0.92857 0.71429 0.78571 0.92857 0 0 0 0.03226 0.06452 0.06452 0.03226 0 0.03226 14 12 8 12 10 7 9 7 6
0.2 0.6 0.6 0.6 1 0.8 0.6 1 0.8 0 0 0 0 0.025 0 0 0.025 0.025 5 3 3 3 3 1 3 3 2
0.16667 0.66667 0.83333 0.83333 0.91667 0.83333 0.75 0.75 0.83333 0 0 0 0.09091 0.09091 0.15152 0.06061 0.0303 0 10 6 7 10 6 7 6 12 4
0.18182 0.54545 0.63636 0.63636 0.63636 0.81818 0.54545 0.63636 0.81818 0 0 0.05882 0.02941 0.11765 0.17647 0.02941 0.05882 0.05882 11 8 9 9 11 10 8 7 5
0.09091 0.45455 0.72727 0.90909 0.81818 0.90909 0.81818 0.81818 0.90909 0 0 0.02941 0.05882 0.23529 0.20588 0 0.05882 0 11 7 8 9 16 13 2 4 2
0.27273 0.36364 0.72727 0.72727 0.81818 0.81818 0.81818 0.81818 0.81818 0 0 0 0.02941 0.02941 0.02941 0 0.02941 0 9 9 5 6 5 8 7 5 4
0.3 0.3 0.3 0.8 0.9 0.7 0.8 0.8 0.9 0 0 0 0.02857 0.05714 0.05714 0 0 0 9 9 10 3 5 9 3 3 2
0 0.57143 0.57143 0.85714 0.85714 0.85714 0.85714 0.85714 0.85714 0 0 0 0 0.05263 0.05263 0 0.02632 0 7 6 4 4 5 6 3 4 4
0.33333 0.55556 0.88889 0.88889 0.88889 1 0.77778 0.88889 0.88889 0 0 0.02778 0.02778 0.08333 0.11111 0 0.02778 0 7 6 4 4 6 7 4 3 1
0.11111 0.44444 0.33333 0.66667 0.77778 0.88889 0.66667 0.77778 0.88889 0 0 0 0.02778 0.05556 0.05556 0 0.02778 0.02778 9 7 9 8 9 5 7 8 4
0.375 0.5 0.875 0.875 0.875 1 0.875 0.875 1 0 0 0 0 0 0.05405 0 0 0.02703 6 6 1 1 1 2 2 1 2
0 0 0.28571 0.57143 0.85714 1 0.42857 0.85714 1 0 0 0 0 0 0.02632 0 0.02632 0 7 7 7 5 3 2 5 4 1
0 0.09091 0.81818 0.72727 0.90909 1 0.81818 0.72727 1 0 0 0.02941 0.08824 0 0.08824 0.05882 0 0 11 11 5 10 5 7 10 8 3
0.25 0.25 0.5 0.625 0.875 0.875 0.625 0.875 0.875 0 0 0 0.02703 0.02703 0.02703 0 0 0 8 6 4 6 8 9 6 5 3
0.15385 0.30769 0.61538 0.76923 0.76923 0.92308 0.69231 0.69231 0.84615 0 0 0 0.0625 0.0625 0.0625 0.03125 0 0.03125 12 11 8 8 7 4 8 5 4
0.25 0.625 0.625 0.75 1 1 0.75 1 1 0 0 0.02703 0 0.02703 0.05405 0 0 0 6 3 4 2 1 2 2 0 0
0 0.2 0.5 0.6 0.9 0.8 0.6 0.7 0.8 0 0 0 0.02857 0 0 0 0.02857 0 10 9 8 6 3 4 5 6 4
0.25 0.33333 0.33333 0.83333 0.58333 0.91667 0.83333 0.58333 1 0 0.0303 0.0303 0.0303 0.06061 0.09091 0.0303 0.0303 0 10 11 11 8 10 8 6 11 3
0.1 0.4 0.8 0.8 0.9 0.9 0.9 0.8 0.9 0 0 0 0.02857 0.02857 0.05714 0.02857 0 0 10 7 3 6 4 5 4 4 1
0 0.16667 1 0.66667 1 1 0.66667 1 1 0 0 0 0.02564 0.02564 0.05128 0 0.02564 0 6 5 0 5 4 7 2 6 0
0.14286 0.5 0.57143 0.85714 0.85714 0.92857 0.71429 0.92857 0.78571 0 0 0.03226 0 0.06452 0.19355 0.06452 0 0 13 11 10 5 8 10 8 3 4
0 0.18182 0.36364 0.54545 0.72727 1 0.36364 0.63636 0.90909 0 0 0 0.02941 0.02941 0.08824 0 0.02941 0.02941 11 10 9 7 11 8 8 10 5
0.125 0.375 0 0.5 0.875 0.625 0.625 0.875 0.875 0 0 0 0.02703 0.05405 0.08108 0.02703 0 0.10811 8 5 8 6 5 6 6 3 7
0.23077 0.46154 0.69231 0.76923 0.84615 0.84615 0.76923 0.84615 0.84615 0 0 0.03125 0.09375 0.09375 0.15625 0 0 0 13 8 5 6 5 7 3 2 2
0 0.5 0.5 0.5 0.75 0.875 0.625 0.75 0.875 0 0 0.05405 0.02703 0.05405 0.10811 0 0.02703 0 8 4 8 6 4 10 4 3 3
0 0.15385 0.61538 0.76923 0.84615 0.84615 0.69231 0.76923 0.76923 0 0 0 0.03125 0.03125 0.09375 0 0 0.03125 13 13 5 8 9 10 9 9 11
0.16667 0.5 0.66667 0.83333 0.83333 1 0.83333 0.83333 1 0 0 0.02564 0 0.02564 0.07692 0 0 0.02564 5 4 5 3 4 4 3 3 2
0.25 0.58333 0.5 0.75 0.75 0.75 0.58333 0.58333 0.83333 0 0 0 0 0 0.0303 0 0.0303 0 10 7 8 5 5 6 7 8 4
0.1 0.5 0.3 0.9 0.9 0.8 0.8 0.9 0.9 0 0 0.02857 0.05714 0.08571 0.08571 0 0.02857 0.05714 10 10 10 6 5 7 4 5 10
0.25 0.5 0.375 0.75 1 0.875 0.625 1 0.875 0 0 0.02703 0 0 0.02703 0 0 0 7 7 8 3 0 2 5 0 1
0.13333 0.33333 0.33333 0.6 0.66667 0.6 0.53333 0.66667 0.6 0 0 0 0.06667 0.13333 0.13333 0.06667 0 0.1 15 13 15 10 13 13 13 9 12
0.14286 0.28571 0.57143 0.78571 0.85714 0.85714 0.71429 0.78571 0.78571 0 0 0.03226 0 0.03226 0.03226 0 0 0 14 13 12 8 4 4 7 4 5
0.33333 0.33333 0.66667 0.88889 0.88889 1 0.66667 0.77778 0.88889 0 0 0 0.05556 0.05556 0.05556 0 0.02778 0 7 8 5 4 4 3 5 3 4
0.08333 0.25 0.5 0.58333 0.75 0.91667 0.58333 0.66667 0.83333 0 0 0.0303 0.0303 0.06061 0.0303 0 0.0303 0.0303 12 11 9 9 5 5 7 7 5
0 0.33333 0.83333 0.83333 1 1 0.66667 0.83333 1 0 0 0.02564 0 0.05128 0.02564 0 0.02564 0 6 4 3 2 5 3 3 3 0
0.22222 0.44444 0.77778 0.77778 0.88889 0.88889 0.77778 0.88889 0.88889 0 0 0.02778 0.02778 0.08333 0.16667 0 0 0.02778 7 6 3 3 5 10 2 2 2
0.16667 0.83333 0.83333 0.66667 1 1 1 1 1 0 0 0 0.02564 0.02564 0.05128 0.02564 0 0 5 1 1 3 1 2 5 2 0
