0 0 0 0 0 0 0 0 0 0 0 0 -0.10284 -0.09834 -0.1117 -0.15631 -0.09483 -0.08436 -0.05913 -0.07748 -0.10887 -0.10718 -0.12738 -0.1665 0.04493 0.05256 0.04866 0.05872 0.0441 0.04521 0.03844 0.03856 0.04979 0.05795 0.05375 0.06516 -0.048 -0.0624 -0.06162 -0.06725 -0.01504 -0.0868 -0.12736 -0.20272 -0.00866 -0.02402 -0.02473 -0.05196 0.06032 0.08315 0.11267 0.13673 0.03906 0.09663 0.131 0.20162 0.03559 0.06866 0.09943 0.09953
0 0 0 0 0 0 0 0 0 0 0 0 0.17094 0.17157 0.17078 0.20883 0.20309 0.17918 0.24546 0.36326 0.19266 0.1881 0.18688 0.22212 0.07217 0.07668 0.07969 0.09062 0.08108 0.08255 0.09833 0.13549 0.07593 0.07794 0.07963 0.08024 -0.03989 -0.04747 -0.05008 -0.05616 -0.00759 -0.0733 -0.13764 -0.20596 -0.00366 -0.01018 -0.0175 -0.03545 0.048 0.05068 0.06591 0.06658 0.03246 0.07773 0.13444 0.19242 0.02999 0.03555 0.05299 0.09267
0 0 0 0 0 0 0 0 0 0 0 0 -0.02763 -0.01431 -0.02091 0.00079 -0.00569 -0.01766 -0.0095 0.06912 0.02204 0.06737 0.05507 0.07471 0.0681 0.06617 0.08137 0.08242 0.07024 0.07338 0.09847 0.10806 0.06605 0.06957 0.08776 0.0865 -0.05526 -0.06568 -0.05687 -0.03435 -0.02375 -0.09228 -0.12742 -0.14369 -0.01437 -0.02741 -0.02911 -0.02911 0.05426 0.06289 0.07768 0.12302 0.05279 0.10346 0.14116 0.17267 0.03059 0.03866 0.05142 0.07803
0 0 0 0 0 0 0 0 0 0 0 0 -0.06443 -0.06078 -0.08135 -0.08179 -0.03859 -0.07647 -0.03911 -0.01882 -0.06359 -0.06145 -0.07784 -0.05568 0.03662 0.02811 0.03768 0.04396 0.0326 0.03687 0.02933 0.04235 0.04152 0.03341 0.04167 0.04354 -0.04593 -0.04681 -0.03917 -0.03324 -0.01467 -0.06745 -0.11062 -0.1679 -0.01134 -0.01259 -0.01223 -0.03384 0.04614 0.04557 0.05659 0.06532 0.0235 0.0635 0.10444 0.16112 0.02822 0.03051 0.03885 0.05023
0 0 0 0 0 0 0 0 0 0 0 0 -0.03013 -0.03497 -0.04938 -0.01382 -0.00832 -0.06582 -0.0535 0.01657 -0.00042 -0.02063 -0.039 0.01375 0.06166 0.05668 0.05459 0.0495 0.06174 0.05687 0.05194 0.04791 0.06619 0.06295 0.05746 0.04672 -0.0426 -0.04169 -0.02825 -0.00353 -0.00848 -0.06779 -0.11419 -0.15844 -0.00321 0.00563 0.00821 0.0117 0.04196 0.04246 0.0546 0.11528 0.04033 0.08416 0.12685 0.17456 0.03293 0.03493 0.05351 0.10732
0 0 0 0 0 0 0 0 0 0 0 0 0.03652 0.02094 0.05575 0.10271 0.06271 0.0014 0.03591 0.16493 0.05472 0.00616 0.04005 0.09031 0.05847 0.04851 0.0375 0.03988 0.05578 0.04311 0.02929 0.0509 0.06397 0.0552 0.04099 0.04021 -0.06379 -0.06521 -0.07304 -0.07782 -0.0309 -0.09171 -0.14153 -0.20526 -0.0233 -0.0192 -0.02955 -0.0433 0.06006 0.0599 0.07492 0.08132 0.04427 0.09371 0.13882 0.1994 0.0379 0.04431 0.06166 0.07487
0 0 0 0 0 0 0 0 0 0 0 0 0.15914 0.13327 0.13819 0.11131 0.20489 0.19298 0.22475 0.2234 0.17171 0.15616 0.14425 0.1336 0.06222 0.05636 0.05971 0.05603 0.07385 0.07153 0.085 0.08592 0.06675 0.06144 0.06519 0.05796 -0.01874 -0.03108 -0.01665 -0.00915 0.01552 -0.0533 -0.08289 -0.12026 0.01893 0.00607 0.01884 0.00045 0.03818 0.04689 0.04217 0.07764 0.04454 0.07304 0.09646 0.13106 0.03985 0.04061 0.03806 0.04851
0 0 0 0 0 0 0 0 0 0 0 0 0.04994 0.08044 0.09032 0.04943 0.09024 0.08225 0.11236 0.12559 0.08608 0.12857 0.16102 0.11591 0.05933 0.06662 0.07326 0.07334 0.06408 0.0682 0.08274 0.09549 0.05472 0.06503 0.07872 0.07012 -0.04078 -0.05342 -0.04679 -0.04926 -0.01001 -0.08607 -0.13042 -0.17971 -0.00545 -0.01875 -0.01955 -0.03652 0.03957 0.05077 0.06586 0.11813 0.042 0.09557 0.13768 0.18901 0.03653 0.03491 0.05513 0.08707
0 0 0 0 0 0 0 0 0 0 0 0 -0.07609 -0.07598 -0.05568 -0.09713 -0.06392 -0.10954 -0.05324 -0.07716 -0.074 -0.0641 -0.03982 -0.07527 0.06044 0.07287 0.08183 0.07618 0.05699 0.07485 0.07383 0.05808 0.05832 0.06908 0.07208 0.06857 -0.04928 -0.05166 -0.03735 0.00067 -0.01813 -0.07528 -0.10489 -0.15184 -0.01759 -0.01982 -0.01741 -0.01125 0.05125 0.05769 0.08065 0.11416 0.03883 0.06782 0.09888 0.14251 0.03342 0.04185 0.05376 0.05518
0 0 0 0 0 0 0 0 0 0 0 0 -0.03472 -0.00976 0.04953 0.02652 -0.00857 -0.01715 0.0696 0.07032 -0.00638 0.01729 0.05182 0.06362 0.04237 0.04497 0.04843 0.0393 0.03969 0.05448 0.06112 0.05665 0.03846 0.04579 0.04696 0.04314 -0.03628 -0.05397 -0.06204 -0.02365 -0.00411 -0.07348 -0.12329 -0.14133 0.00152 -0.01848 -0.02536 -0.0233 0.03828 0.05322 0.06242 0.08846 0.03182 0.08067 0.12647 0.14953 0.02598 0.03685 0.04212 0.05332
0 0 0 0 0 0 0 0 0 0 0 0 -0.06128 -0.0806 -0.14089 -0.19755 -0.0544 -0.12387 -0.145 -0.14696 -0.02081 -0.0278 -0.08668 -0.1311 0.03266 0.04048 0.05319 0.06785 0.03338 0.04838 0.06009 0.06225 0.03628 0.04292 0.05451 0.06442 -0.04078 -0.04573 -0.03436 0.03 -0.0083 -0.07267 -0.10565 -0.10884 -0.00964 -0.01652 -0.01482 0.01259 0.05454 0.06348 0.06378 0.09855 0.04693 0.09008 0.1208 0.11964 0.03817 0.04979 0.09321 0.08365
0 0 0 0 0 0 0 0 0 0 0 0 -0.31162 -0.29416 -0.27615 -0.27543 -0.29771 -0.30242 -0.24102 -0.1743 -0.28346 -0.26894 -0.23657 -0.23974 0.10364 0.10317 0.10377 0.11054 0.10004 0.1044 0.09696 0.08829 0.09711 0.09934 0.09638 0.10434 -0.04437 -0.04694 -0.04426 -0.03307 -0.01013 -0.06419 -0.09726 -0.1265 -0.01946 -0.02143 -0.02027 -0.02179 0.05126 0.04994 0.05018 0.05317 0.03884 0.07203 0.10636 0.12852 0.03546 0.03615 0.04522 0.04654
0 0 0 0 0 0 0 0 0 0 0 0 -0.06913 -0.06077 -0.05444 0.00091 -0.05763 -0.08264 -0.08856 -0.00232 -0.04386 -0.0228 -0.07719 0.04834 0.03849 0.04426 0.03333 0.03101 0.03666 0.051 0.04857 0.0532 0.03431 0.0464 0.04856 0.03508 -0.05009 -0.04935 -0.04426 -0.05596 -0.01786 -0.07202 -0.12049 -0.17743 -0.02134 -0.01732 -0.02732 -0.03679 0.05414 0.05725 0.07427 0.08841 0.0429 0.08696 0.13457 0.19368 0.03872 0.04158 0.10496 0.11403
0 0 0 0 0 0 0 0 0 0 0 0 -0.0344 -0.01255 -0.0155 -0.01524 -0.01382 -0.01445 0.02062 0.08811 0.00322 0.01336 0.00685 0.02857 0.03704 0.02809 0.04506 0.04021 0.03621 0.03289 0.05897 0.06854 0.0326 0.02759 0.05167 0.04682 -0.02295 -0.01956 -0.02355 -0.03143 0.01142 -0.04412 -0.07662 -0.1287 0.00777 0.01107 0.00152 -0.00491 0.04367 0.06178 0.05064 0.07075 0.0376 0.06448 0.0784 0.12719 0.03658 0.05581 0.04427 0.07219
0 0 0 0 0 0 0 0 0 0 0 0 0.18343 0.21498 0.24264 0.23706 0.199 0.21377 0.27929 0.3379 0.20869 0.24161 0.27133 0.26824 0.08043 0.09003 0.09063 0.09066 0.08448 0.09284 0.10667 0.12307 0.08299 0.09347 0.09418 0.09541 -0.05091 -0.06705 -0.05567 -0.0674 -0.01815 -0.08992 -0.12038 -0.16629 -0.01554 -0.03009 -0.02277 -0.04509 0.06137 0.06942 0.06453 0.07528 0.04405 0.08548 0.10684 0.14621 0.04217 0.04908 0.0509 0.0493
0 0 0 0 0 0 0 0 0 0 0 0 -0.12079 -0.09257 -0.10289 -0.12389 -0.10801 -0.08338 -0.05598 -0.05819 -0.12992 -0.1038 -0.13635 -0.15737 0.04994 0.04153 0.05207 0.06033 0.04697 0.04691 0.05071 0.05404 0.05711 0.05128 0.06787 0.06368 -0.06453 -0.07835 -0.0847 -0.07413 -0.03176 -0.09902 -0.14417 -0.21716 -0.02321 -0.03714 -0.04661 -0.06098 0.06578 0.07746 0.08544 0.14214 0.05696 0.10101 0.13987 0.21159 0.04977 0.05823 0.0674 0.12953
0 0 0 0 0 0 0 0 0 0 0 0 -0.0266 0.00463 0.01276 -0.00721 -0.01506 0.03831 0.04523 0.05557 -0.02792 -0.01246 0.01206 0.01262 0.04234 0.04046 0.03531 0.03755 0.04425 0.04581 0.04563 0.04513 0.03496 0.03242 0.02899 0.03659 -0.0755 -0.0857 -0.07406 -0.0317 -0.0434 -0.10868 -0.15007 -0.17509 -0.03848 -0.04509 -0.04187 -0.02661 0.06762 0.07763 0.073 0.0943 0.0583 0.11258 0.15037 0.16798 0.05155 0.0581 0.0557 0.07214
0 0 0 0 0 0 0 0 0 0 0 0 0.00675 0.06 0.08225 0.09203 0.04161 0.05394 0.10282 0.17038 -0.0056 0.06191 -0.00474 0.08836 0.04795 0.04383 0.05061 0.06398 0.04606 0.04588 0.06315 0.07837 0.04589 0.03401 0.05766 0.05611 -0.04187 -0.05035 -0.06235 -0.06124 -0.00899 -0.07872 -0.12935 -0.18873 -0.00196 -0.01304 -0.03509 -0.03223 0.04688 0.06064 0.08282 0.08968 0.03976 0.09613 0.13569 0.19434 0.02615 0.03953 0.10773 0.0806
0 0 0 0 0 0 0 0 0 0 0 0 -0.02593 0.00478 -0.01155 0.00772 -0.00636 -0.01811 0.00277 0.05912 0.00589 0.0558 0.025 0.05363 0.03738 0.04056 0.04599 0.04678 0.03695 0.06203 0.06855 0.06775 0.02959 0.03669 0.03703 0.0461 -0.04303 -0.04437 -0.03999 -0.0124 -0.01169 -0.0633 -0.11193 -0.14342 -0.01732 -0.0167 -0.02027 -0.02134 0.05462 0.05786 0.05218 0.07974 0.03378 0.07565 0.11697 0.14468 0.03328 0.04079 0.04368 0.07996
0 0 0 0 0 0 0 0 0 0 0 0 -0.10635 -0.11746 -0.17326 -0.18483 -0.09913 -0.15911 -0.20271 -0.16485 -0.05463 -0.07605 -0.24 -0.16787 0.04077 0.04949 0.06545 0.06872 0.0397 0.06304 0.07439 0.06121 0.02954 0.03976 0.09126 0.0699 -0.04563 -0.05846 -0.04718 -0.0268 -0.01289 -0.08567 -0.12408 -0.15589 -0.00937 -0.02777 -0.03589 -0.02205 0.05129 0.06226 0.0613 0.10272 0.03734 0.08664 0.12182 0.15401 0.03291 0.04711 0.14388 0.13043
0 0 0 0 0 0 0 0 0 0 0 0 -0.13019 -0.1391 -0.16218 -0.20845 -0.13508 -0.17022 -0.19827 -0.20074 -0.11218 -0.12901 -0.15571 -0.18659 0.07158 0.07387 0.08796 0.0956 0.07243 0.07786 0.10048 0.09954 0.07521 0.07538 0.08279 0.09173 -0.0255 -0.02953 -0.02077 -0.00081 0.00681 -0.0572 -0.10201 -0.15417 0.01071 0.00634 0.00813 0.00134 0.04177 0.04646 0.03803 0.09513 0.03921 0.07642 0.11395 0.17249 0.02792 0.03514 0.08916 0.05993
0 0 0 0 0 0 0 0 0 0 0 0 -0.05778 -0.02937 -0.06106 -0.07078 -0.04599 -0.02458 -0.05492 -0.0359 -0.07078 -0.04586 -0.07691 -0.04504 0.02985 0.02312 0.03209 0.04268 0.0275 0.0306 0.03196 0.04246 0.03063 0.03283 0.04667 0.04529 -0.04492 -0.059 -0.05313 -0.03089 -0.01226 -0.08401 -0.12653 -0.16915 -0.01152 -0.02723 -0.02991 -0.0225 0.05309 0.06804 0.0621 0.08386 0.03578 0.08759 0.1235 0.16931 0.04156 0.07258 0.09467 0.12386
0 0 0 0 0 0 0 0 0 0 0 0 0.07628 0.0744 0.06397 -0.01054 0.10565 0.0869 0.10197 0.09748 0.10666 0.08558 0.07419 0.02108 0.06946 0.06617 0.07357 0.07635 0.07169 0.07528 0.08738 0.08923 0.07104 0.05986 0.06742 0.06984 -0.02238 -0.02178 -0.00746 0.02227 0.01078 -0.04801 -0.08971 -0.1266 0.01607 0.01911 0.02286 0.02741 0.03043 0.03219 0.05415 0.10114 0.02943 0.05711 0.10036 0.14008 0.02719 0.03016 0.03976 0.05154
0 0 0 0 0 0 0 0 0 0 0 0 -0.01085 0.01104 0.00794 0.04671 0.00752 0.00685 0.02933 0.07889 5e-04 0.03693 0.02848 0.07746 0.06871 0.06751 0.06129 0.06543 0.06999 0.07837 0.073 0.07492 0.06716 0.06862 0.06555 0.08294 -0.0355 -0.03951 -0.04026 -0.00432 -0.00238 -0.05906 -0.10525 -0.12373 -0.00241 -0.00911 -0.01696 -0.00027 0.03732 0.04278 0.0613 0.0827 0.03351 0.0727 0.11642 0.13293 0.02203 0.02991 0.04681 0.106
0 0 0 0 0 0 0 0 0 0 0 0 -0.06283 -0.0343 -0.06085 -0.10988 -0.06174 -0.05142 -0.07752 -0.10174 -0.07504 -0.03031 -0.06826 -0.16395 0.06158 0.06925 0.06439 0.07214 0.06262 0.07201 0.07056 0.06581 0.07185 0.08296 0.07883 0.09686 -0.06038 -0.0734 -0.08867 -0.09042 -0.02828 -0.09004 -0.1493 -0.18828 -0.02473 -0.0425 -0.06384 -0.06071 0.05897 0.06744 0.09584 0.10511 0.04668 0.07831 0.14402 0.18303 0.04198 0.05039 0.07972 0.11572
0 0 0 0 0 0 0 0 0 0 0 0 0.03667 0.01708 0.05254 0.07561 0.06813 0.00223 0.06212 0.10603 0.08003 0.08236 0.12219 0.10887 0.05278 0.05422 0.06157 0.05702 0.05425 0.04915 0.06394 0.06244 0.0566 0.05869 0.07003 0.05865 -0.04143 -0.04925 -0.05774 -0.03879 -0.00845 -0.07536 -0.12473 -0.15883 -0.00161 -0.01205 -0.02777 -0.02607 0.06432 0.06912 0.07562 0.08448 0.04972 0.08351 0.12072 0.14915 0.04676 0.05427 0.05394 0.05517
0 0 0 0 0 0 0 0 0 0 0 0 -0.08583 -0.10628 -0.10596 -0.06766 -0.07462 -0.10663 -0.0898 -0.0609 -0.07195 -0.08264 -0.07932 -0.06153 0.04985 0.05908 0.05922 0.07624 0.04938 0.06441 0.06896 0.08427 0.04496 0.05416 0.05148 0.07635 -0.07474 -0.08989 -0.08436 -0.04692 -0.04255 -0.10585 -0.1358 -0.14789 -0.04321 -0.05652 -0.0542 -0.04268 0.06795 0.08828 0.09214 0.093 0.03937 0.09845 0.12557 0.14055 0.04046 0.0657 0.06758 0.07649
0 0 0 0 0 0 0 0 0 0 0 0 0.16268 0.16692 0.20421 0.18533 0.18526 0.18225 0.2825 0.31629 0.18023 0.17356 0.20776 0.20867 0.05835 0.0595 0.06685 0.06198 0.06469 0.06839 0.09019 0.10331 0.06315 0.06202 0.0672 0.06581 -0.04127 -0.04672 -0.04623 -0.05931 -0.00878 -0.0723 -0.1103 -0.16959 -0.00589 -0.00946 -0.0117 -0.04045 0.05242 0.05964 0.06948 0.09404 0.04205 0.0915 0.11544 0.18222 0.03275 0.04421 0.05478 0.07661
0 0 0 0 0 0 0 0 0 0 0 0 0.01556 0.08294 0.10103 0.10761 0.02037 0.06895 0.11107 0.16765 0.01271 0.08655 0.10366 0.10701 0.03551 0.04711 0.04807 0.06118 0.03664 0.05193 0.05853 0.08352 0.03024 0.04374 0.04432 0.05627 -0.05805 -0.06185 -0.06257 -0.07058 -0.02618 -0.08743 -0.13182 -0.19341 -0.01241 -0.01866 -0.02554 -0.04179 0.04742 0.05497 0.07826 0.09602 0.03641 0.08539 0.13605 0.19393 0.02236 0.02793 0.04843 0.0718
0 0 0 0 0 0 0 0 0 0 0 0 0.14701 0.15885 0.19823 0.2037 0.16606 0.10092 0.16167 0.18175 0.18284 0.18877 0.23893 0.22226 0.05458 0.06126 0.07071 0.07545 0.05922 0.05431 0.05833 0.06776 0.064 0.06586 0.08023 0.08069 -0.02887 -0.02592 -0.01299 -0.0244 0.00371 -0.05574 -0.09176 -0.15712 0.00911 0.01018 0.00866 -0.03054 0.03774 0.04374 0.06739 0.1052 0.03833 0.07218 0.10007 0.15613 0.02544 0.03314 0.04635 0.05639
0 0 0 0 0 0 0 0 0 0 0 0 -0.06428 -0.05294 -0.03319 -0.02018 -0.05139 -0.08184 -0.0491 0.01371 -0.02796 -0.02933 -9e-05 0.02294 0.0481 0.04225 0.03355 0.02953 0.04435 0.0436 0.03542 0.0286 0.04617 0.04443 0.0329 0.03106 -0.06401 -0.06464 -0.05108 -0.04238 -0.03218 -0.08811 -0.12189 -0.16764 -0.03312 -0.03723 -0.03455 -0.0458 0.05935 0.06384 0.08163 0.10135 0.04848 0.07645 0.11085 0.1443 0.04692 0.05046 0.06477 0.07331
0 0 0 0 0 0 0 0 0 0 0 0 -0.04139 -0.00773 0.03381 0.03293 -0.01482 -0.02776 0.03771 0.10562 -0.00424 0.02025 0.05495 0.03601 0.05413 0.05508 0.05487 0.05976 0.05207 0.05655 0.05202 0.064 0.05159 0.05414 0.06126 0.07323 -0.06552 -0.08834 -0.10017 -0.08164 -0.03383 -0.11617 -0.15476 -0.17731 -0.03196 -0.04795 -0.06714 -0.05607 0.05981 0.07678 0.08544 0.0901 0.03865 0.10494 0.13617 0.15263 0.03944 0.053 0.06466 0.10586
0 0 0 0 0 0 0 0 0 0 0 0 0.12001 0.11644 0.12974 0.10383 0.13782 0.14417 0.18661 0.17808 0.1465 0.12898 0.18065 0.1441 0.06568 0.07082 0.07397 0.07188 0.07067 0.08136 0.09192 0.09547 0.06758 0.0712 0.07953 0.0743 -0.04954 -0.05015 -0.05259 -0.05404 -0.01692 -0.07181 -0.10762 -0.14903 -0.02518 -0.02152 -0.03804 -0.04339 0.05157 0.05983 0.06976 0.08048 0.04084 0.07884 0.11353 0.1519 0.03522 0.05077 0.07082 0.09721
0 0 0 0 0 0 0 0 0 0 0 0 -0.14606 -0.13577 -0.1175 -0.16304 -0.12992 -0.15987 -0.10074 -0.08854 -0.15588 -0.14254 -0.17252 -0.18581 0.05722 0.05031 0.04805 0.06568 0.0534 0.06523 0.05683 0.05695 0.0571 0.05051 0.05555 0.06585 -0.0336 -0.0407 -0.02404 -0.00703 -0.00116 -0.0654 -0.10831 -0.14315 0.00027 -0.00955 -0.00482 0.00402 0.04767 0.05743 0.06334 0.08728 0.0442 0.08765 0.11875 0.1527 0.03585 0.0439 0.09072 0.08789
0 0 0 0 0 0 0 0 0 0 0 0 -0.0891 -0.07793 -0.11376 -0.07216 -0.05887 -0.07337 -0.07514 0.0143 -0.06398 -0.0638 -0.082 -0.03952 0.048 0.05551 0.061 0.06344 0.0424 0.05477 0.06067 0.06274 0.04096 0.04753 0.04581 0.05327 -0.03885 -0.05191 -0.04157 -0.04163 -0.00815 -0.07308 -0.11042 -0.17396 -0.01196 -0.02402 -0.01929 -0.03473 0.05113 0.06521 0.05998 0.07998 0.03019 0.07956 0.11199 0.17475 0.03335 0.04593 0.04356 0.06588
0 0 0 0 0 0 0 0 0 0 0 0 0.05545 0.05814 0.01865 0.02605 0.07101 0.05625 0.06807 0.07617 0.07642 0.0753 0.03721 0.03971 0.05954 0.06258 0.06611 0.07658 0.05853 0.06723 0.07315 0.0807 0.06425 0.06518 0.06873 0.07752 -0.02026 -0.01634 -0.03052 -0.01656 0.01462 -0.03257 -0.07933 -0.12125 0.01071 0.01527 -0.00071 0.00107 0.04783 0.05036 0.06695 0.07843 0.0432 0.07566 0.11928 0.16363 0.02937 0.03985 0.05711 0.06049
0 0 0 0 0 0 0 0 0 0 0 0 0.06326 0.08127 0.12822 0.11627 0.07932 0.07298 0.13135 0.15399 0.09593 0.1102 0.16724 0.13516 0.05455 0.05648 0.06955 0.06762 0.05715 0.05013 0.06534 0.07036 0.06091 0.06526 0.0803 0.07928 -0.05279 -0.05989 -0.06876 -0.04032 -0.02093 -0.08469 -0.14191 -0.16504 -0.01205 -0.01821 -0.03607 -0.02036 0.04931 0.06451 0.08412 0.08187 0.04742 0.08417 0.13419 0.15114 0.03718 0.04295 0.058 0.07364
0 0 0 0 0 0 0 0 0 0 0 0 -0.12052 -0.09043 -0.02379 -0.02793 -0.09615 -0.08871 -0.01997 0.00162 -0.10237 -0.0585 -0.00629 -0.00273 0.0478 0.03882 0.03499 0.04453 0.04232 0.03618 0.03503 0.05072 0.04496 0.02968 0.03058 0.04365 -0.02788 -0.0295 -0.01506 0.02735 0.00518 -0.04321 -0.07364 -0.10174 -0.00384 -0.00491 0.00107 0.01098 0.03191 0.03844 0.04652 0.14624 0.02663 0.05119 0.084 0.10419 0.0225 0.03074 0.03499 0.06494
0 0 0 0 0 0 0 0 0 0 0 0 0.08147 0.08916 0.08056 0.07002 0.10695 0.10089 0.10719 0.18896 0.10558 0.13705 0.12675 0.08677 0.05477 0.05592 0.06074 0.05776 0.05841 0.05329 0.06081 0.07448 0.06325 0.06499 0.0704 0.06968 -0.02733 -0.02803 -0.02095 -0.0024 0.00546 -0.0481 -0.07872 -0.11054 0.00313 0.00089 0.00321 -9e-05 0.04941 0.05976 0.06463 0.11043 0.04195 0.07405 0.09851 0.12867 0.03411 0.04874 0.04798 0.08953
0 0 0 0 0 0 0 0 0 0 0 0 -0.14094 -0.13914 -0.12243 -0.19271 -0.12055 -0.11205 -0.07406 -0.13807 -0.12381 -0.12323 -0.11336 -0.17241 0.06651 0.06159 0.06404 0.09656 0.06446 0.06297 0.06899 0.10333 0.05899 0.05374 0.05906 0.09126 -0.05994 -0.07554 -0.07777 -0.0677 -0.02676 -0.09137 -0.13733 -0.18626 -0.0217 -0.03277 -0.04304 -0.04821 0.05937 0.07456 0.08527 0.11385 0.04563 0.07832 0.11796 0.17155 0.0365 0.04893 0.05966 0.07581
0 0 0 0 0 0 0 0 0 0 0 0 -0.05233 -0.05223 -0.04118 -0.07313 -0.03147 -0.06573 0.00364 -0.00839 -0.02379 -0.0345 0.01361 0.00458 0.02939 0.02658 0.02068 0.03582 0.02643 0.03061 0.02446 0.03112 0.02682 0.0313 0.0221 0.02996 -0.05261 -0.04903 -0.04501 -0.03236 -0.02231 -0.0687 -0.12188 -0.17044 -0.02295 -0.01402 -0.02437 -0.02768 0.04736 0.05209 0.07943 0.08686 0.05049 0.07315 0.1142 0.1582 0.04134 0.04128 0.05836 0.05524
0 0 0 0 0 0 0 0 0 0 0 0 -0.04429 -0.02398 -0.02834 -0.052 -0.02705 -0.01614 0.00914 -0.002 -0.03908 -0.01946 -0.02598 -0.00347 0.04685 0.05026 0.0515 0.0615 0.04849 0.05092 0.06228 0.07556 0.04614 0.04625 0.04741 0.0548 -0.02819 -0.02084 0.00923 0.02718 0.00526 -0.04027 -0.05237 -0.1057 0.00813 0.0117 0.02759 0.02884 0.04701 0.04898 0.06966 0.10177 0.036 0.0483 0.0648 0.11366 0.03192 0.03833 0.09746 0.10272
0 0 0 0 0 0 0 0 0 0 0 0 0.07943 0.13556 0.16412 0.12599 0.09288 0.12481 0.17265 0.20382 0.06921 0.14416 0.15075 0.09866 0.0462 0.06203 0.06792 0.05812 0.0485 0.06099 0.07334 0.0771 0.04562 0.06554 0.06642 0.06191 -0.03561 -0.03185 -0.04434 -0.03476 -0.00348 -0.05773 -0.11226 -0.15763 -0.00366 -0.00196 -0.01741 -0.01393 0.04106 0.04525 0.05664 0.08657 0.04309 0.07301 0.11808 0.16246 0.02504 0.03642 0.03763 0.09942
0 0 0 0 0 0 0 0 0 0 0 0 -0.13702 -0.1335 -0.16657 -0.1481 -0.13149 -0.14007 -0.15813 -0.13178 -0.14288 -0.13578 -0.1811 -0.16787 0.05601 0.04995 0.05955 0.05786 0.05703 0.05776 0.06236 0.06018 0.06168 0.05381 0.06491 0.07048 -0.0251 -0.03435 -0.03304 -0.01582 0.00632 -0.05563 -0.10178 -0.15965 0.00723 -0.00045 -0.00089 -0.01027 0.04872 0.0556 0.06429 0.09083 0.04828 0.07943 0.12108 0.17117 0.03902 0.04506 0.05644 0.0969
0 0 0 0 0 0 0 0 0 0 0 0 0.03788 0.05369 0.04227 0.10078 0.05588 0.0627 0.0483 0.11508 0.03727 0.05253 0.02609 0.0443 0.07136 0.07659 0.07542 0.08612 0.07418 0.07953 0.07004 0.08528 0.06545 0.07108 0.0711 0.08502 -0.03555 -0.0303 -0.00501 0.00735 -0.004 -0.04921 -0.06869 -0.11253 -0.00964 -0.00027 0.01804 0.02295 0.04144 0.04507 0.04324 0.06986 0.02993 0.05109 0.0688 0.10651 0.02887 0.0356 0.05409 0.10806
0 0 0 0 0 0 0 0 0 0 0 0 0.06257 0.05142 0.01857 0.02925 0.08055 0.01918 0.0011 0.07478 0.07256 0.06607 0.0305 0.08815 0.05057 0.05063 0.05882 0.05263 0.05331 0.04566 0.06025 0.06364 0.05687 0.05402 0.0573 0.05681 -0.03756 -0.03307 -0.02129 0.0122 -0.00419 -0.05792 -0.09884 -0.10805 -0.00437 -0.0033 -0.00455 0.01 0.05479 0.05585 0.07478 0.11693 0.04052 0.06911 0.10398 0.11309 0.0358 0.03783 0.07047 0.10363
0 0 0 0 0 0 0 0 0 0 0 0 -0.17253 -0.18289 -0.17593 -0.18133 -0.15819 -0.20826 -0.18617 -0.15173 -0.14351 -0.14887 -0.14864 -0.11484 0.05527 0.05715 0.05687 0.05874 0.05244 0.06588 0.06247 0.05283 0.05115 0.05069 0.04937 0.04122 -0.05208 -0.062 -0.07285 -0.05782 -0.01811 -0.08864 -0.15131 -0.214 -0.01179 -0.01732 -0.03134 -0.03625 0.0603 0.07201 0.10877 0.1662 0.04727 0.09938 0.16313 0.21828 0.03997 0.05354 0.09389 0.1334
0 0 0 0 0 0 0 0 0 0 0 0 -0.04482 -0.01973 -0.03771 -0.08221 -0.02894 -0.06915 -0.0282 -0.02116 -0.01118 0.01071 -0.0418 -0.03953 0.05123 0.05416 0.06416 0.06606 0.04953 0.05993 0.07189 0.06779 0.04306 0.04819 0.04725 0.05356 -0.03213 -0.03495 -0.02489 0.00606 0.00197 -0.05625 -0.0866 -0.10787 0.00366 -0.00857 -0.01321 0.00402 0.04205 0.04815 0.05478 0.08971 0.0423 0.05693 0.08608 0.11336 0.03182 0.03759 0.10663 0.09516
0 0 0 0 0 0 0 0 0 0 0 0 -0.10518 -0.13492 -0.10189 -0.08498 -0.07923 -0.15558 -0.12654 -0.08878 -0.079 -0.1045 -0.13454 -0.10371 0.06926 0.08219 0.09472 0.10147 0.06618 0.0884 0.09858 0.09912 0.06195 0.07701 0.10118 0.0936 -0.05423 -0.05576 -0.05842 -0.05562 -0.02185 -0.07951 -0.13868 -0.19072 -0.01991 -0.01652 -0.03089 -0.03821 0.05394 0.05352 0.07042 0.07406 0.03733 0.09334 0.14809 0.19902 0.04058 0.03867 0.11383 0.11367
0 0 0 0 0 0 0 0 0 0 0 0 -0.03126 -0.03575 -0.02452 -0.03833 -0.01436 -0.03855 -0.01837 0.02241 -0.00486 -0.01309 0.00412 0.0034 0.03716 0.04393 0.04483 0.04043 0.03474 0.0358 0.04029 0.03339 0.03294 0.04148 0.04596 0.04371 -0.03151 -0.03128 -0.0162 0.00102 0.00154 -0.05349 -0.08567 -0.125 -9e-05 -0.00027 0.00813 0.01071 0.04535 0.0449 0.05592 0.07677 0.02957 0.06645 0.09491 0.14023 0.02826 0.031 0.04463 0.03759
0 0 0 0 0 0 0 0 0 0 0 0 -0.01274 -0.01481 -0.04675 -0.06976 0.00336 -0.02443 -0.0375 -0.03428 0.02556 0.02015 -0.02144 -0.02738 0.06127 0.06869 0.07398 0.08211 0.06307 0.07026 0.082 0.09192 0.05968 0.07015 0.07381 0.08867 -0.04765 -0.04834 -0.06156 -0.06742 -0.01724 -0.07412 -0.12387 -0.17295 -0.02036 -0.0158 -0.035 -0.05536 0.05529 0.05538 0.06444 0.09489 0.04698 0.07793 0.11766 0.17421 0.04082 0.03733 0.04305 0.06441
0 0 0 0 0 0 0 0 0 0 0 0 -0.18368 -0.15777 -0.15536 -0.13522 -0.17381 -0.16335 -0.15982 -0.14123 -0.16594 -0.1619 -0.15185 -0.1383 0.08287 0.08064 0.07289 0.06661 0.08192 0.08497 0.08433 0.0706 0.08064 0.08619 0.07909 0.07132 -0.03637 -0.04983 -0.05106 -0.03367 -0.00231 -0.06952 -0.12025 -0.17179 0.00143 -0.01125 -0.00875 -0.01527 0.03188 0.04346 0.05463 0.09028 0.02603 0.07433 0.12555 0.18131 0.02244 0.02908 0.04337 0.07322
0 0 0 0 0 0 0 0 0 0 0 0 -0.0459 -0.04502 -0.00587 -0.06461 -0.0339 -0.04307 0.02133 0.00811 -0.05986 -0.05791 -0.00996 -0.06562 0.04609 0.04536 0.05965 0.05668 0.04341 0.04409 0.06007 0.04815 0.05036 0.0484 0.05986 0.0554 -0.046 -0.06034 -0.07133 -0.09967 -0.01412 -0.08095 -0.1395 -0.21217 -0.01 -0.02223 -0.03679 -0.06643 0.04743 0.06431 0.09774 0.13074 0.04728 0.09171 0.14512 0.21336 0.03405 0.04901 0.08138 0.10299
0 0 0 0 0 0 0 0 0 0 0 0 -0.00935 -0.02322 0.02349 0.06785 0.01625 -0.0128 0.06742 0.15183 0.00464 0.0153 0.05173 0.0851 0.06026 0.06519 0.0698 0.08751 0.06116 0.06635 0.07005 0.10118 0.06796 0.07405 0.0737 0.11275 -0.04464 -0.05282 -0.04103 -0.03657 -0.01006 -0.07124 -0.10991 -0.14684 -0.00955 -0.01759 -0.01018 -0.02312 0.05071 0.0584 0.06372 0.08598 0.03152 0.07183 0.1009 0.13315 0.03018 0.03997 0.04583 0.08249
0 0 0 0 0 0 0 0 0 0 0 0 -0.07404 -0.08644 -0.09266 -0.10356 -0.04558 -0.07437 -0.05637 -0.04395 -0.06422 -0.07962 -0.16712 -0.18044 0.0314 0.03755 0.04349 0.04354 0.02634 0.03611 0.04592 0.03813 0.02818 0.03461 0.06714 0.07339 -0.02803 -0.03991 -0.02761 -0.03514 0.00552 -0.06108 -0.10226 -0.15318 0.01277 0.00054 -0.00125 -0.01714 0.03778 0.04784 0.05668 0.0656 0.03303 0.07609 0.11539 0.16769 0.03182 0.03704 0.10156 0.10173
0 0 0 0 0 0 0 0 0 0 0 0 -0.05415 -0.05854 -0.02206 -0.03855 -0.04055 -0.07187 0.05367 0.06773 -0.03405 -0.04485 0.01004 -0.01378 0.02737 0.02843 0.02878 0.03561 0.0251 0.03339 0.03294 0.04845 0.02566 0.02595 0.02384 0.02286 -0.02175 -0.03839 -0.04768 -0.03904 0.01202 -0.06596 -0.11106 -0.15394 0.0167 -9e-05 -0.01205 -0.01714 0.02871 0.04034 0.05506 0.07809 0.0386 0.07619 0.11131 0.16021 0.03024 0.02758 0.03542 0.09581
0 0 0 0 0 0 0 0 0 0 0 0 0.14463 0.17862 0.22381 0.19019 0.16201 0.17742 0.2791 0.28603 0.13201 0.16548 0.2172 0.19594 0.05728 0.06343 0.07267 0.05917 0.06242 0.06276 0.08678 0.08841 0.05672 0.06022 0.07019 0.06211 -0.0435 -0.04747 -0.03655 -0.04527 -0.01061 -0.0677 -0.1054 -0.17657 -0.01187 -0.01393 -0.00812 -0.03125 0.0498 0.06068 0.06148 0.06356 0.04403 0.08352 0.11204 0.17313 0.0319 0.04705 0.049 0.04932
0 0 0 0 0 0 0 0 0 0 0 0 -0.06254 -0.11232 -0.1129 -0.13273 -0.0517 -0.14233 -0.1453 -0.08401 -0.05371 -0.11531 -0.14592 -0.17197 0.05504 0.06791 0.06481 0.07553 0.05382 0.07456 0.07704 0.07495 0.05523 0.07258 0.0703 0.07412 -0.05176 -0.06416 -0.08753 -0.10559 -0.01925 -0.08805 -0.16824 -0.26662 -0.01312 -0.02036 -0.03991 -0.06473 0.04838 0.05876 0.07801 0.10796 0.04362 0.09463 0.16913 0.26694 0.03096 0.0451 0.06526 0.12381
0 0 0 0 0 0 0 0 0 0 0 0 0.03879 0.09649 0.10509 0.07038 0.06244 0.13674 0.14757 0.14171 0.02543 0.1091 0.12587 0.11105 0.05929 0.06809 0.07014 0.06589 0.06125 0.07783 0.08535 0.08039 0.05582 0.06693 0.06982 0.06251 -0.03932 -0.0564 -0.0635 -0.02876 -0.00594 -0.07161 -0.12267 -0.14045 -0.00089 -0.02036 -0.03812 -0.02455 0.04534 0.05937 0.08148 0.09674 0.03194 0.0733 0.12725 0.14676 0.02354 0.03539 0.05908 0.07182
0 0 0 0 0 0 0 0 0 0 0 0 0.16363 0.16254 0.16215 0.13405 0.20156 0.15017 0.17488 0.21075 0.26114 0.23951 0.24732 0.23114 0.06222 0.06929 0.06358 0.0714 0.07037 0.06506 0.06446 0.08106 0.08501 0.08494 0.08626 0.08847 -0.04526 -0.05174 -0.06008 -0.04734 -0.01399 -0.07616 -0.13235 -0.16496 -0.01054 -0.01893 -0.03286 -0.04098 0.0521 0.06353 0.07075 0.09094 0.04439 0.09355 0.14004 0.17404 0.03347 0.04126 0.04817 0.07137
0 0 0 0 0 0 0 0 0 0 0 0 0.09465 0.10984 0.08233 0.09964 0.11483 0.1007 0.09629 0.16641 0.13537 0.15476 0.12034 0.15405 0.0505 0.05518 0.05155 0.04684 0.05577 0.05141 0.05592 0.06378 0.05511 0.0634 0.06211 0.06134 -0.03733 -0.04352 -0.0357 -0.04047 -0.00649 -0.064 -0.09981 -0.14568 -0.01134 -0.01116 -0.00795 -0.03134 0.05218 0.05962 0.06354 0.06882 0.04323 0.08931 0.12131 0.16228 0.037 0.04963 0.06168 0.07668
0 0 0 0 0 0 0 0 0 0 0 0 -0.00765 0.01875 0.03918 0.01632 0.00391 -0.03264 0.03692 0.06554 0.02019 0.05401 0.08205 0.05316 0.05185 0.04735 0.04269 0.0407 0.05154 0.05706 0.05234 0.05798 0.05076 0.04656 0.04575 0.03853 -0.03544 -0.04456 -0.04707 -0.04489 -0.00068 -0.06771 -0.11197 -0.16901 -0.00152 -0.00696 -0.01795 -0.02821 0.04421 0.05439 0.05626 0.07234 0.03055 0.08545 0.12294 0.17944 0.02419 0.03854 0.04114 0.05917
0 0 0 0 0 0 0 0 0 0 0 0 -0.17654 -0.15826 -0.1554 -0.12982 -0.15674 -0.15186 -0.16067 -0.08674 -0.16168 -0.16634 -0.151 -0.10586 0.0853 0.08617 0.08258 0.07234 0.08156 0.08531 0.0885 0.0747 0.08241 0.09097 0.08365 0.0698 -0.06466 -0.07907 -0.07477 -0.06423 -0.03272 -0.09874 -0.14254 -0.19557 -0.0233 -0.0392 -0.03652 -0.04705 0.06267 0.07722 0.09223 0.11742 0.0463 0.09876 0.1447 0.18957 0.03962 0.06011 0.06924 0.08001
0 0 0 0 0 0 0 0 0 0 0 0 0.02604 0.01965 -0.00045 0.01427 0.05095 0.03953 0.06149 0.10328 0.0586 0.06651 0.03599 0.07477 0.03575 0.03713 0.04526 0.06355 0.03972 0.04303 0.04737 0.0634 0.03863 0.03848 0.0464 0.05779 -0.03356 -0.04179 -0.04436 -0.03906 -0.00114 -0.06809 -0.11997 -0.1604 -0.00027 -0.00786 -0.01536 -0.02991 0.05115 0.06134 0.06795 0.11286 0.04649 0.08349 0.12572 0.16463 0.03521 0.0476 0.05761 0.09088
0 0 0 0 0 0 0 0 0 0 0 0 0.06609 0.05423 0.05788 0.07059 0.0776 0.02773 0.06215 0.1304 0.08377 0.06641 0.07372 0.07156 0.04721 0.04437 0.04478 0.04134 0.04891 0.0456 0.04367 0.05215 0.04914 0.0489 0.05087 0.04912 -0.02821 -0.02022 -0.02515 -0.02062 0.00461 -0.03999 -0.08896 -0.14685 -0.00286 0.01125 0.00196 -0.00402 0.04726 0.04468 0.05238 0.06284 0.03864 0.07086 0.11988 0.17521 0.03522 0.03978 0.04922 0.06674
0 0 0 0 0 0 0 0 0 0 0 0 -0.0397 -0.04273 -0.01344 0.04133 -0.03425 -0.04869 0.02994 0.15186 -0.04204 -0.05366 -0.03103 0.0536 0.04828 0.04958 0.0497 0.046 0.05028 0.05332 0.06026 0.07027 0.04662 0.04993 0.05588 0.05022 -0.03473 -0.04922 -0.0384 -0.03373 -0.00143 -0.07279 -0.11692 -0.16592 -0.00071 -0.01545 -0.01205 -0.0267 0.03826 0.05145 0.05446 0.05625 0.04005 0.09633 0.13097 0.17029 0.02436 0.0379 0.05668 0.04947
0 0 0 0 0 0 0 0 0 0 0 0 -0.00375 0.01971 -0.02292 -0.02298 0.01313 0.00833 0.00726 -0.00073 -0.00575 0.01621 -0.01588 -0.00524 0.0447 0.04847 0.04958 0.05191 0.04388 0.04521 0.04026 0.04559 0.0448 0.05099 0.05088 0.04839 -0.01467 -0.01342 0.00195 0.02923 0.01704 -0.04006 -0.06706 -0.10244 0.01375 0.0158 0.01688 0.01616 0.02567 0.03248 0.07253 0.09412 0.03396 0.05324 0.07525 0.10991 0.02402 0.03262 0.05743 0.03937
0 0 0 0 0 0 0 0 0 0 0 0 -0.18501 -0.187 -0.18312 -0.22494 -0.17205 -0.2091 -0.22571 -0.20959 -0.16966 -0.18065 -0.16299 -0.20948 0.06816 0.07266 0.07687 0.08644 0.06436 0.07963 0.08655 0.07929 0.05961 0.06587 0.07018 0.07443 -0.03957 -0.04516 -0.03243 0.00941 -0.00647 -0.06696 -0.10324 -0.13901 -0.00437 -0.01027 -0.01491 0.01714 0.03932 0.04566 0.0507 0.07441 0.0349 0.06771 0.0972 0.14085 0.0297 0.03577 0.09638 0.12196
0 0 0 0 0 0 0 0 0 0 0 0 -0.06608 -0.05042 0.0056 -0.00545 -0.04954 -0.08375 -0.05526 -0.013 -0.04468 -0.05489 -0.07321 0.0036 0.0408 0.03872 0.03316 0.03149 0.03953 0.04462 0.04498 0.02921 0.04028 0.04669 0.04912 0.03235 -0.03835 -0.03735 -0.02021 0.018 -0.00444 -0.05941 -0.09718 -0.12093 -0.00723 -0.00964 -0.00571 0.01777 0.0509 0.05629 0.07455 0.1051 0.03552 0.06853 0.10579 0.12587 0.0331 0.06697 0.13014 0.1185
0 0 0 0 0 0 0 0 0 0 0 0 -0.0103 -0.01156 -0.05891 -0.10302 -0.00189 -0.05162 -0.1066 -0.06654 0.00012 0.00074 -0.04832 -0.07645 0.04889 0.05735 0.06983 0.07565 0.04837 0.06627 0.08329 0.0839 0.03517 0.05093 0.06663 0.07792 -0.0367 -0.03828 -0.04044 -0.02391 -0.00274 -0.05267 -0.09951 -0.14649 -0.00518 -0.00545 -0.01018 -0.01054 0.04691 0.05004 0.04732 0.05997 0.04061 0.06874 0.10304 0.14951 0.03125 0.03341 0.03441 0.07894
0 0 0 0 0 0 0 0 0 0 0 0 -0.04668 -0.07809 -0.05841 -0.06971 -0.04398 -0.08818 -0.04672 -0.03126 -0.00616 -0.0358 -0.03036 -0.0659 0.03213 0.03943 0.03383 0.03238 0.03225 0.03909 0.03012 0.02965 0.03769 0.04296 0.03598 0.0354 -0.05016 -0.05339 -0.05866 -0.05637 -0.01583 -0.08157 -0.12191 -0.18022 -0.01205 -0.01179 -0.01937 -0.015 0.04449 0.04943 0.06231 0.08351 0.02572 0.07917 0.11595 0.17163 0.02664 0.03116 0.04874 0.08344
0 0 0 0 0 0 0 0 0 0 0 0 0.02315 0.02444 0.04812 0.00885 0.03866 0.0452 0.0857 0.09058 -0.00644 -0.00858 -0.01931 -0.01486 0.04194 0.04674 0.05498 0.05089 0.04486 0.04919 0.06454 0.06315 0.04065 0.0442 0.05244 0.04971 -0.01917 -0.03149 -0.03085 -0.01394 0.01241 -0.05541 -0.10383 -0.1654 0.01411 -0.00223 -0.01098 -0.01179 0.04065 0.05274 0.04579 0.0785 0.03521 0.07144 0.11066 0.18172 0.03027 0.04127 0.0952 0.07941
0 0 0 0 0 0 0 0 0 0 0 0 0.09437 0.1133 0.09356 0.09047 0.10678 0.10954 0.1035 0.13422 0.08929 0.09251 0.08746 0.04153 0.05145 0.06117 0.06561 0.05867 0.05309 0.05681 0.06686 0.07067 0.04818 0.05824 0.06549 0.06904 -0.06071 -0.06666 -0.07437 -0.09507 -0.02785 -0.09201 -0.14724 -0.22386 -0.02411 -0.02652 -0.03777 -0.06107 0.05781 0.06386 0.09473 0.12223 0.04768 0.09263 0.14784 0.224 0.03868 0.04314 0.07478 0.12477
0 0 0 0 0 0 0 0 0 0 0 0 -0.15941 -0.12571 -0.15353 -0.14415 -0.14246 -0.12102 -0.14033 -0.12094 -0.15373 -0.13172 -0.2365 -0.26535 0.06955 0.0717 0.06963 0.06831 0.06499 0.07578 0.07189 0.06524 0.06727 0.07183 0.08494 0.0958 -0.0405 -0.05626 -0.0521 -0.06313 -0.00694 -0.08551 -0.13404 -0.18986 -0.00134 -0.01946 -0.03571 -0.03937 0.04789 0.05824 0.06319 0.07148 0.02686 0.08296 0.13276 0.18919 0.02773 0.04348 0.11654 0.13264
0 0 0 0 0 0 0 0 0 0 0 0 -0.02513 -0.01293 -0.02127 -0.03903 -0.00886 -0.04412 -0.01886 0.02537 0.00489 0.00868 -0.0304 -0.06089 0.05543 0.06191 0.05608 0.06155 0.05455 0.06833 0.06433 0.06347 0.05658 0.06273 0.07402 0.07965 -0.03776 -0.04594 -0.0451 -0.03692 -0.00353 -0.07484 -0.13225 -0.20748 -0.00312 -0.01232 -0.02527 -0.0292 0.04308 0.04834 0.06654 0.11552 0.04192 0.08286 0.13635 0.20611 0.04291 0.04711 0.10684 0.11711
0 0 0 0 0 0 0 0 0 0 0 0 0.00475 0.01524 0.05099 0.07511 0.02398 0.0428 0.11765 0.14393 -0.01363 -0.00324 -0.04862 0.03537 0.06864 0.06902 0.07941 0.08131 0.06952 0.0725 0.08708 0.09866 0.06331 0.06519 0.0561 0.06262 -0.05099 -0.06526 -0.05597 -0.04015 -0.0166 -0.08752 -0.12287 -0.17354 -0.00857 -0.02161 -0.03018 -0.02232 0.04862 0.05976 0.06958 0.10154 0.03805 0.08736 0.1204 0.1678 0.03116 0.0328 0.13196 0.13676
0 0 0 0 0 0 0 0 0 0 0 0 0.03597 0.03135 -0.01639 0.00428 0.07293 0.00199 0.01018 0.08791 0.0718 0.07154 0.02185 0.04364 0.05336 0.05254 0.04964 0.04553 0.05577 0.05001 0.05751 0.05903 0.05324 0.05111 0.04762 0.04736 -0.03158 -0.0242 -0.01058 -0.00506 -0.00018 -0.04764 -0.08399 -0.14428 -0.005 0.00357 0.0025 8e-04 0.04422 0.04332 0.05462 0.07046 0.03358 0.0493 0.07948 0.13209 0.03142 0.03395 0.04455 0.05112
0 0 0 0 0 0 0 0 0 0 0 0 0.03764 0.06957 0.04712 0.05267 0.05229 0.08181 0.10396 0.10396 0.02737 0.06019 0.01942 0.03033 0.05905 0.06187 0.06284 0.06866 0.06015 0.06214 0.07668 0.08097 0.06023 0.068 0.06269 0.06723 -0.04515 -0.05714 -0.06132 -0.0507 -0.01097 -0.07707 -0.11989 -0.16521 -0.00437 -0.01741 -0.02125 -0.02214 0.04481 0.05586 0.07737 0.0539 0.03679 0.08475 0.12514 0.16675 0.0227 0.03443 0.05899 0.0395
0 0 0 0 0 0 0 0 0 0 0 0 -0.14894 -0.16451 -0.17216 -0.1821 -0.1296 -0.1393 -0.12929 -0.11414 -0.13551 -0.15706 -0.23731 -0.159 0.06227 0.06496 0.06643 0.06683 0.05766 0.06007 0.06284 0.05461 0.05473 0.06453 0.09511 0.06294 -0.04794 -0.05687 -0.06744 -0.03993 -0.01714 -0.07257 -0.1096 -0.1262 -0.01786 -0.01884 -0.03607 -0.02286 0.05107 0.06259 0.07427 0.06267 0.02805 0.0687 0.10468 0.12602 0.02862 0.04154 0.10496 0.05267
0 0 0 0 0 0 0 0 0 0 0 0 -0.06846 -0.05662 -0.03555 -0.06233 -0.05249 -0.08728 -0.05428 -0.0531 -0.02854 0.00024 -0.00174 -0.05964 0.05192 0.04435 0.03989 0.04679 0.05261 0.05501 0.05319 0.05638 0.05246 0.04145 0.04388 0.07041 -0.01435 -0.01491 -0.00343 0.0362 0.01855 -0.04452 -0.07932 -0.11394 0.02027 0.01821 0.01955 0.04098 0.03958 0.04898 0.06961 0.08942 0.04156 0.07611 0.10878 0.14928 0.03423 0.04154 0.09412 0.11423
0 0 0 0 0 0 0 0 0 0 0 0 -0.11379 -0.10118 -0.0431 -0.06545 -0.09041 -0.11743 -0.02957 -0.00128 -0.07134 -0.0612 -0.04406 -0.03982 0.05521 0.05829 0.04503 0.05269 0.05099 0.05862 0.05202 0.05914 0.05649 0.0642 0.05189 0.05405 -0.03554 -0.04054 -0.01848 -0.02186 -0.00315 -0.05793 -0.0855 -0.14487 -0.00714 -0.01295 -0.00705 -0.00786 0.03692 0.04738 0.07087 0.09375 0.03399 0.05954 0.08443 0.13107 0.03191 0.04104 0.10095 0.10088
0 0 0 0 0 0 0 0 0 0 0 0 -0.01688 -0.01866 -0.04518 -0.07123 0.00306 -0.00618 0.01015 0.04764 0.00311 0.00925 -0.01182 -0.01615 0.05537 0.06844 0.08243 0.08908 0.05535 0.07055 0.08239 0.08413 0.0523 0.06634 0.07588 0.08259 -0.05109 -0.05161 -0.03361 -0.00623 -0.0164 -0.07231 -0.1138 -0.14101 -0.00982 -0.01464 -0.0025 0.00438 0.04579 0.04475 0.0648 0.07477 0.03841 0.06687 0.10527 0.14273 0.02857 0.03121 0.05027 0.09796
0 0 0 0 0 0 0 0 0 0 0 0 -0.0853 -0.07875 -0.07852 -0.12923 -0.07038 -0.10498 -0.06369 -0.03853 -0.01789 -0.0329 -0.02757 -0.0446 0.03512 0.03402 0.03105 0.04799 0.03276 0.04049 0.03707 0.04736 0.02462 0.03143 0.02868 0.03082 -0.01683 -0.01669 -0.02337 -0.01128 0.01653 -0.0453 -0.1024 -0.14908 0.01036 0.00929 -0.00446 -0.01062 0.03262 0.04813 0.06788 0.11534 0.04622 0.07156 0.11726 0.1544 0.03589 0.04032 0.05313 0.06401
0 0 0 0 0 0 0 0 0 0 0 0 -0.19028 -0.19565 -0.18382 -0.16282 -0.17642 -0.20481 -0.14546 -0.10674 -0.13166 -0.15403 -0.1651 -0.1282 0.07722 0.07877 0.07829 0.06482 0.07451 0.08369 0.07505 0.05674 0.06388 0.06624 0.07746 0.06101 -0.05296 -0.05185 -0.06048 -0.02566 -0.02199 -0.06708 -0.10869 -0.1335 -0.02759 -0.02464 -0.04 -0.01652 0.05919 0.06098 0.06141 0.08875 0.04507 0.0673 0.09629 0.12204 0.03675 0.04541 0.07533 0.06907
0 0 0 0 0 0 0 0 0 0 0 0 -0.00467 -0.02366 0.00434 -0.04449 0.02432 -0.04322 0.02988 0.02504 0.03426 -0.00474 0.04151 -0.01018 0.03433 0.03692 0.04118 0.04218 0.03586 0.04257 0.04588 0.03952 0.0347 0.03527 0.0432 0.04141 -0.02051 -0.02662 -0.04054 -0.04793 0.01096 -0.05671 -0.10925 -0.17287 0.015 0.00759 -0.00571 -0.01973 0.04641 0.05409 0.05542 0.06247 0.03359 0.07697 0.1203 0.18072 0.03327 0.04138 0.04487 0.05998
0 0 0 0 0 0 0 0 0 0 0 0 -0.0812 -0.07981 -0.10376 -0.10699 -0.06963 -0.07686 -0.09292 -0.08558 -0.06858 -0.04529 -0.07112 -0.1325 0.03699 0.03804 0.03956 0.04325 0.03432 0.0405 0.03391 0.03403 0.03512 0.03201 0.03218 0.04343 -0.05724 -0.06154 -0.05301 -0.03862 -0.0262 -0.08108 -0.1344 -0.18093 -0.02562 -0.02893 -0.0308 -0.03509 0.05257 0.06675 0.07345 0.08783 0.05363 0.10088 0.14574 0.19264 0.03602 0.05012 0.07258 0.09007
0 0 0 0 0 0 0 0 0 0 0 0 0.12796 0.15057 0.18532 0.13804 0.15402 0.18922 0.31824 0.33578 0.1355 0.14666 0.20152 0.1572 0.0705 0.07683 0.07771 0.06832 0.07602 0.08111 0.10648 0.11803 0.07249 0.07793 0.08527 0.08066 -0.02662 -0.03481 -0.03551 -0.02417 0.00716 -0.06237 -0.10641 -0.14985 0.00438 -0.00196 -0.00661 -0.00795 0.03985 0.05174 0.0537 0.09507 0.03228 0.07092 0.09993 0.14316 0.02503 0.03784 0.04104 0.0991
0 0 0 0 0 0 0 0 0 0 0 0 -0.25716 -0.26765 -0.24051 -0.25402 -0.23558 -0.24117 -0.15297 -0.12631 -0.25211 -0.28536 -0.24741 -0.23943 0.09584 0.10112 0.09917 0.10114 0.09135 0.09636 0.08564 0.08517 0.09201 0.10238 0.09533 0.09378 -0.04477 -0.05502 -0.05904 -0.05052 -0.01309 -0.0696 -0.11363 -0.17333 -0.01562 -0.02321 -0.03036 -0.04455 0.0489 0.06056 0.07123 0.15364 0.03873 0.07958 0.1131 0.17731 0.03866 0.04779 0.05298 0.09387
0 0 0 0 0 0 0 0 0 0 0 0 -0.03372 -0.01479 -0.01129 0.00443 -0.01502 -0.02818 0.03454 0.09429 0.01417 0.02571 0.02893 -0.00298 0.03731 0.03144 0.02957 0.04582 0.03631 0.0322 0.02905 0.05964 0.03384 0.02539 0.02569 0.0536 -0.04869 -0.04652 -0.04729 -0.05906 -0.01587 -0.07005 -0.11518 -0.15687 -0.01696 -0.01027 -0.01464 -0.02634 0.04739 0.04461 0.05523 0.06417 0.03245 0.07268 0.11682 0.15139 0.03138 0.03621 0.04742 0.09836
0 0 0 0 0 0 0 0 0 0 0 0 -0.01105 0.02166 0.014 0.06378 -0.00043 0.00798 -0.01178 0.07316 0.00014 0.02528 0.01273 0.05302 0.05012 0.05098 0.053 0.0554 0.04994 0.05597 0.05939 0.05848 0.05036 0.04955 0.05258 0.04618 -0.03554 -0.04904 -0.04199 -0.04041 -0.00463 -0.07174 -0.12113 -0.18409 -0.00187 -0.01321 -0.00991 -0.02339 0.05812 0.07527 0.09634 0.12226 0.06562 0.10538 0.14903 0.2083 0.05419 0.05858 0.0717 0.08251
0 0 0 0 0 0 0 0 0 0 0 0 0.02464 0.05551 0.02979 0.01554 0.06793 0.08655 0.11848 0.13334 0.05893 0.08831 0.0783 0.05915 0.05862 0.0659 0.0824 0.08108 0.06073 0.07166 0.08801 0.0841 0.05636 0.06185 0.08123 0.08095 -0.05031 -0.06373 -0.06105 -0.06891 -0.01983 -0.08129 -0.12912 -0.17574 -0.01223 -0.02598 -0.02839 -0.05312 0.04875 0.05853 0.05376 0.08269 0.03644 0.07117 0.11294 0.16535 0.03092 0.03489 0.03379 0.11186
0 0 0 0 0 0 0 0 0 0 0 0 -0.04669 -0.06987 -0.02509 0.02768 -0.0116 -0.05435 -0.02633 0.01383 -0.02829 -0.05934 -0.0085 0.01442 0.06339 0.06311 0.06361 0.06336 0.05988 0.05213 0.05363 0.05211 0.06138 0.05863 0.06091 0.07195 -0.04574 -0.05102 -0.06369 -0.03676 -0.01417 -0.07624 -0.13235 -0.16254 -0.01214 -0.01955 -0.03527 -0.02455 0.04786 0.05077 0.0596 0.08022 0.03504 0.07322 0.12575 0.15898 0.03286 0.03547 0.04709 0.06906
0 0 0 0 0 0 0 0 0 0 0 0 0.04724 0.05661 0.06704 0.10579 0.0552 0.05494 0.09893 0.14809 0.04453 0.04658 0.07253 0.10723 0.03827 0.03601 0.03802 0.03834 0.03699 0.04047 0.05967 0.05666 0.03906 0.0354 0.03964 0.04328 -0.04079 -0.04547 -0.05914 -0.04865 -0.00621 -0.06858 -0.12687 -0.16775 -0.00545 -0.0075 -0.02848 -0.03625 0.05079 0.06845 0.07625 0.07687 0.04699 0.09332 0.13463 0.17533 0.03163 0.04896 0.05822 0.09072
0 0 0 0 0 0 0 0 0 0 0 0 0.04067 0.04425 0.06654 0.08064 0.07446 0.03596 0.11629 0.20803 0.05184 0.05169 0.09912 0.11014 0.06413 0.06529 0.06658 0.07228 0.06847 0.06847 0.07831 0.09977 0.06692 0.06787 0.06945 0.0758 -0.04492 -0.03431 -0.0229 -0.04099 -0.01195 -0.05786 -0.10277 -0.17151 -0.01321 -0.00232 0.00045 -0.0392 0.04587 0.05054 0.07109 0.10052 0.03712 0.06886 0.10093 0.16265 0.03584 0.04337 0.04902 0.07418
0 0 0 0 0 0 0 0 0 0 0 0 0.09093 0.11639 0.10112 0.0578 0.11028 0.15052 0.17559 0.18903 0.09221 0.09547 0.10501 0.05592 0.03762 0.04435 0.04178 0.04087 0.04271 0.05078 0.06022 0.06431 0.04164 0.03949 0.04071 0.0356 -0.06652 -0.0809 -0.08799 -0.05928 -0.03311 -0.09804 -0.1475 -0.17483 -0.02866 -0.03991 -0.05348 -0.03705 0.05588 0.06363 0.07374 0.09699 0.0417 0.07883 0.12012 0.14971 0.03749 0.03602 0.04844 0.10253
0 0 0 0 0 0 0 0 0 0 0 0 0.09571 0.12568 0.12559 0.10552 0.11287 0.13744 0.17211 0.16412 0.09342 0.12437 0.13083 0.09708 0.07286 0.06805 0.06708 0.06862 0.07762 0.07235 0.07835 0.08417 0.07167 0.06997 0.07122 0.07849 -0.0399 -0.04837 -0.02949 -0.00442 -0.00884 -0.07826 -0.10192 -0.14703 -0.00786 -0.01464 -9e-05 0.00277 0.04768 0.0499 0.05926 0.11521 0.04283 0.08406 0.10062 0.14269 0.03306 0.03824 0.05054 0.08423
0 0 0 0 0 0 0 0 0 0 0 0 -0.00261 0.00873 0.00977 0.04932 0.00815 -0.01012 0.00643 0.05208 0.0194 0.01818 0.031 0.03816 0.03074 0.03032 0.02501 0.04896 0.03299 0.0355 0.03506 0.0582 0.03105 0.0332 0.02578 0.04447 -0.02624 -0.03739 -0.03799 -0.04016 0.00504 -0.05486 -0.10423 -0.17078 0.0058 -0.01098 -0.0158 -0.01955 0.03165 0.03854 0.04154 0.07303 0.02963 0.06875 0.11648 0.19116 0.01912 0.02793 0.04558 0.08073
0 0 0 0 0 0 0 0 0 0 0 0 -0.18072 -0.16911 -0.16104 -0.14246 -0.16994 -0.2137 -0.1897 -0.14114 -0.13917 -0.11212 -0.11323 -0.11062 0.06828 0.06727 0.07209 0.0687 0.06501 0.07785 0.0757 0.07162 0.06133 0.05843 0.06591 0.07005 -0.0515 -0.06483 -0.06731 -0.03137 -0.01709 -0.08721 -0.13422 -0.16475 -0.01062 -0.02741 -0.03054 -0.02205 0.04885 0.06555 0.07438 0.08052 0.04112 0.09779 0.14054 0.17002 0.02902 0.04792 0.05489 0.07947
0 0 0 0 0 0 0 0 0 0 0 0 0.01245 0.01316 0.01662 0.00521 0.03472 0.00935 0.05543 0.09251 0.03755 0.06415 0.07157 0.0624 0.0373 0.03424 0.03369 0.03854 0.03767 0.02965 0.03489 0.0481 0.03739 0.04002 0.04065 0.04978 -0.04382 -0.05055 -0.06314 -0.02935 -0.01216 -0.07815 -0.13302 -0.14487 -0.00955 -0.01536 -0.03214 -0.03054 0.04596 0.05687 0.08689 0.13613 0.03547 0.09017 0.14335 0.16731 0.03414 0.04313 0.0719 0.10397
0 0 0 0 0 0 0 0 0 0 0 0 -0.17384 -0.14769 -0.1624 -0.17961 -0.15951 -0.17284 -0.16965 -0.15792 -0.16648 -0.1193 -0.15866 -0.19444 0.05349 0.0468 0.05251 0.05573 0.04971 0.05544 0.05707 0.05328 0.05218 0.04024 0.0493 0.06183 -0.02916 -0.03483 -0.03004 0.01182 0.00455 -0.06493 -0.11431 -0.14064 0.00688 0.00107 0.00107 0.01607 0.03632 0.0419 0.04346 0.04927 0.03049 0.08554 0.13473 0.16103 0.02993 0.03304 0.04041 0.08178
