0 0 0 0 0 0 0 0 0 0 0 0 -0.06758 -0.11706 -0.06801 0.10503 -0.00456 -0.10751 -0.04983 0.12344 0.04379 -0.14789 -0.04429 0.11193 0.08702 0.0721 0.0361 0.04769 0.09719 0.07186 0.035 0.05275 0.09194 0.07502 0.03129 0.04891 -0.02381 -0.10481 -0.08031 -0.07225 0.04626 -0.03464 -0.01636 -0.00812 0.02482 -0.05143 -0.0267 -0.00955 0.09158 0.10795 0.06523 0.05455 0.11 0.08989 0.04294 0.02195 0.09063 0.08751 0.0444 0.02115
0 0 0 0 0 0 0 0 0 0 0 0 -0.1103 -0.26657 -0.0428 -0.03848 -0.09704 -0.2265 -0.02375 -0.0075 -0.10847 -0.25486 -0.01014 -0.03756 0.16389 0.08753 0.04016 0.04914 0.15832 0.07859 0.03605 0.0502 0.16615 0.08033 0.03702 0.04966 -0.14972 -0.06137 -0.05993 -0.05653 -0.07281 0.00662 0.00453 0.00919 -0.1025 -0.00786 -0.00482 0.0058 0.16187 0.06494 0.06251 0.05016 0.14152 0.05352 0.05162 0.03063 0.12921 0.05063 0.04559 0.03253
0 0 0 0 0 0 0 0 0 0 0 0 0.16236 -0.16242 0.05291 -0.1175 0.23375 -0.10654 0.08688 -0.09249 0.20683 -0.13325 0.08949 -0.10259 0.09883 0.09823 0.03215 0.04859 0.10601 0.09269 0.03779 0.04307 0.10926 0.10517 0.03495 0.0441 -0.0959 -0.09403 -0.05415 -0.07346 -0.02426 -0.02744 0.0113 -0.00825 -0.05402 -0.03062 0.00464 -0.0108 0.11598 0.09685 0.04763 0.06272 0.099 0.06865 0.02862 0.03474 0.09795 0.07184 0.02893 0.03559
0 0 0 0 0 0 0 0 0 0 0 0 -0.13173 0.06566 -0.21779 -0.03148 -0.08883 0.11136 -0.18712 -0.00475 -0.12232 0.11185 -0.19172 -0.01624 0.11855 0.0795 0.08208 0.02533 0.08946 0.0787 0.07463 0.02523 0.08942 0.08053 0.07645 0.0252 -0.09102 -0.05671 -0.04925 -0.06301 -0.0221 0.00911 0.0182 0.00291 -0.04464 -0.00214 0.00902 -0.00187 0.12431 0.0696 0.04971 0.04753 0.11704 0.06624 0.03986 0.01874 0.09557 0.05536 0.03611 0.01869
0 0 0 0 0 0 0 0 0 0 0 0 -0.19562 -0.07624 -0.05071 0.01347 -0.16179 -0.03897 -0.01033 0.0429 -0.22118 -0.01595 -0.01318 0.02873 0.08145 0.07958 0.04257 0.02276 0.06913 0.0691 0.04105 0.02303 0.08318 0.06723 0.04418 0.02347 -0.07177 -0.04785 -0.04948 -0.0671 -0.00195 0.01917 0.01638 -0.00089 -0.02616 0.00759 0.01295 -0.00473 0.1035 0.05472 0.04907 0.05224 0.11003 0.05615 0.03962 0.02522 0.08638 0.05387 0.03688 0.02277
0 0 0 0 0 0 0 0 0 0 0 0 0.10072 -0.27518 0.10827 -0.06362 0.16872 -0.22374 0.13425 -0.04999 0.11393 -0.25342 0.11562 -0.06349 0.07872 0.11715 0.06026 0.03627 0.09173 0.10375 0.06644 0.03327 0.10552 0.10334 0.05964 0.03504 -0.07221 -0.06581 -0.06397 -0.05779 -0.0019 0.00319 0.00058 0.00777 -0.03223 -0.00946 -0.0108 0.00768 0.11615 0.07034 0.05772 0.04483 0.10627 0.04181 0.04174 0.02143 0.09972 0.04935 0.0402 0.02129
0 0 0 0 0 0 0 0 0 0 0 0 -0.19707 -0.1285 0.05438 0.0189 -0.14451 -0.1049 0.09771 0.04487 -0.21678 -0.07422 0.10688 0.05193 0.16936 0.07177 0.02874 0.0395 0.14662 0.0689 0.03454 0.04113 0.16493 0.06921 0.03997 0.04324 -0.11177 -0.07414 -0.07731 -0.07354 -0.03319 -0.00245 -0.01015 -0.0082 -0.06545 -0.01812 -0.01696 -0.01107 0.13295 0.08401 0.06997 0.05921 0.11322 0.06543 0.04419 0.03166 0.1005 0.06461 0.04495 0.02913
0 0 0 0 0 0 0 0 0 0 0 0 -0.22255 -0.44645 0.04907 -0.09481 -0.15927 -0.40555 0.08542 -0.06743 -0.15675 -0.45154 0.0451 -0.06911 0.08057 0.16753 0.03872 0.03662 0.06668 0.15737 0.04774 0.03281 0.0714 0.16348 0.04357 0.03417 -0.06082 -0.05663 -0.04297 -0.06857 0.00561 0.01043 0.02239 -0.00382 -0.02357 -0.00259 0.01429 -0.0075 0.09273 0.07334 0.04415 0.05373 0.07419 0.05739 0.03651 0.02677 0.07812 0.06219 0.03405 0.02658
0 0 0 0 0 0 0 0 0 0 0 0 -0.0907 -0.11853 -0.24758 -0.1324 -0.03421 -0.06479 -0.21641 -0.10928 -0.07579 -0.08257 -0.21852 -0.09898 0.12149 0.08947 0.09793 0.04438 0.1155 0.09407 0.09177 0.03782 0.1284 0.09035 0.09089 0.03758 -0.0761 -0.06818 -0.07584 -0.07011 -0.00677 0.00143 -0.01144 -0.00406 -0.03036 -0.01098 -0.01732 -0.00812 0.0882 0.07947 0.05965 0.05139 0.06695 0.05549 0.02489 0.01344 0.06824 0.06285 0.03141 0.01672
0 0 0 0 0 0 0 0 0 0 0 0 -0.02659 0.08585 0.01652 -0.07273 -0.03247 0.11852 0.05086 -0.05273 -0.07803 0.11837 0.02371 -0.05133 0.07581 0.10745 0.04631 0.04369 0.07165 0.1201 0.04688 0.04168 0.08087 0.1093 0.0422 0.04218 -0.05488 -0.0363 -0.06181 -0.06657 0.02009 0.03408 0.00487 -0.00146 -0.01062 0.02357 0.00196 -0.00661 0.08411 0.0556 0.06085 0.05242 0.08414 0.05417 0.04143 0.02348 0.06109 0.05076 0.04086 0.02291
0 0 0 0 0 0 0 0 0 0 0 0 0.34215 0.14512 -0.0142 0.00813 0.36209 0.19817 0.01077 0.03116 0.31893 0.23222 0.00264 0.02675 0.16798 0.07119 0.02552 0.03722 0.15856 0.0853 0.02522 0.03896 0.15776 0.09025 0.02213 0.03532 -0.09636 -0.05277 -0.06522 -0.04789 -0.01792 0.01486 0.00088 0.01725 -0.04455 0.0042 -0.00348 0.01277 0.13133 0.06485 0.05997 0.03958 0.10837 0.053 0.04139 0.02828 0.11097 0.05381 0.03901 0.02458
0 0 0 0 0 0 0 0 0 0 0 0 -0.14338 -0.04131 -0.12836 0.03903 -0.11073 0.01613 -0.10568 0.05728 -0.14651 0.01338 -0.1026 0.04373 0.11433 0.06504 0.04912 0.03243 0.1095 0.06763 0.04485 0.03387 0.10211 0.05874 0.04681 0.03304 -0.09373 -0.08289 -0.07896 -0.07661 -0.02504 -0.01148 -0.01136 -0.01021 -0.05152 -0.02616 -0.01339 -0.01437 0.09398 0.0878 0.06789 0.05986 0.08167 0.06054 0.04366 0.02771 0.07824 0.0632 0.03884 0.02867
0 0 0 0 0 0 0 0 0 0 0 0 0.00963 0.13595 -0.07153 -0.05557 0.16232 0.15823 -0.05358 -0.0346 0.04228 0.15389 -0.05934 -0.03622 0.14412 0.06268 0.06792 0.03603 0.13455 0.07253 0.07142 0.03576 0.13614 0.06695 0.06995 0.03541 -0.07832 -0.06173 -0.06777 -0.0623 -0.00167 0.0041 -0.00038 0.0031 -0.03214 -0.01089 -0.00259 -0.00071 0.08853 0.07639 0.05381 0.05325 0.05404 0.07143 0.03303 0.03006 0.06531 0.06307 0.02907 0.03156
0 0 0 0 0 0 0 0 0 0 0 0 -0.27392 0.30203 0.10491 0.06473 -0.2149 0.332 0.12528 0.08614 -0.19401 0.29972 0.13006 0.07872 0.12307 0.10324 0.06135 0.0271 0.11503 0.1101 0.06807 0.03226 0.10382 0.10497 0.06899 0.03071 -0.10365 -0.06208 -0.04959 -0.0495 -0.02823 0.00477 0.01573 0.01632 -0.07 -0.00786 0.00634 0.01179 0.10767 0.07596 0.05023 0.04213 0.0747 0.06746 0.04082 0.03059 0.0866 0.06186 0.03615 0.02394
0 0 0 0 0 0 0 0 0 0 0 0 -0.23234 -0.42911 -0.11698 0.0011 -0.2294 -0.38105 -0.09223 0.02 -0.28067 -0.3474 -0.0871 0.01887 0.09758 0.16139 0.05377 0.03374 0.09723 0.15271 0.0522 0.03621 0.11534 0.13251 0.05025 0.0368 -0.08884 -0.05883 -0.05898 -0.08112 -0.01844 0.00936 0.00859 -0.01509 -0.04196 0.00321 0.00205 -0.0183 0.08541 0.06966 0.06285 0.06262 0.06473 0.04968 0.04421 0.03228 0.0641 0.05408 0.04626 0.03049
0 0 0 0 0 0 0 0 0 0 0 0 0.19909 -0.02053 -0.10346 0.0185 0.25587 0.0051 -0.07311 0.04329 0.25533 -0.03613 -0.08574 0.0484 0.083 0.04017 0.04244 0.01824 0.0858 0.03644 0.03671 0.02203 0.09267 0.04806 0.0444 0.02187 -0.07809 -0.04674 -0.07805 -0.05809 -0.00493 0.01783 -0.01261 0.00788 -0.02866 0.00482 -0.02045 0.00705 0.09638 0.0679 0.06203 0.04867 0.07248 0.06683 0.03161 0.02416 0.07876 0.05196 0.03437 0.02745
0 0 0 0 0 0 0 0 0 0 0 0 -0.01282 -0.13225 0.08962 -0.11423 0.063 -0.09818 0.10947 -0.09834 0.00828 -0.09512 0.0859 -0.1095 0.10896 0.12249 0.03316 0.04122 0.11384 0.12318 0.03896 0.03707 0.0923 0.1251 0.03513 0.04175 -0.06845 -0.03439 -0.04858 -0.07671 0.00358 0.03289 0.01685 -0.01194 -0.0258 0.02661 0.00973 -0.01348 0.08039 0.06555 0.04889 0.05817 0.07065 0.06314 0.0453 0.02381 0.06551 0.06099 0.03332 0.02331
0 0 0 0 0 0 0 0 0 0 0 0 0.01456 0.11787 0.13739 0.02442 0.01668 0.13468 0.16373 0.04629 0.02933 0.10978 0.1519 0.02279 0.09859 0.09139 0.05844 0.04835 0.10524 0.08979 0.06368 0.04892 0.11138 0.08331 0.05793 0.0414 -0.06048 -0.06167 -0.06811 -0.05562 0.01785 0.00688 -0.00338 0.01015 -0.02098 -0.00518 -0.00902 0.00714 0.0934 0.06945 0.05849 0.04505 0.09269 0.06465 0.03134 0.02712 0.0786 0.05037 0.0335 0.02601
0 0 0 0 0 0 0 0 0 0 0 0 -0.00975 -0.24029 -0.00618 0.0694 0.07453 -0.20652 0.01144 0.09603 -0.027 -0.21653 0.00412 0.10034 0.07697 0.10396 0.03047 0.03594 0.07725 0.09798 0.02983 0.03981 0.07083 0.09565 0.02881 0.03879 -0.03445 -0.04654 -0.07647 -0.07327 0.03835 0.02007 -0.00958 -0.00729 0.01518 0.00688 -0.01589 -0.00652 0.0735 0.04951 0.05969 0.0594 0.0708 0.04028 0.03584 0.03102 0.06221 0.03724 0.02979 0.03068
0 0 0 0 0 0 0 0 0 0 0 0 -0.0901 -0.3798 -0.08934 -0.07757 -0.01473 -0.35082 -0.06563 -0.04175 -0.0548 -0.39788 -0.08308 -0.05044 0.07442 0.13823 0.07116 0.03852 0.05805 0.13106 0.06979 0.03025 0.08287 0.1501 0.06559 0.03287 -0.18479 -0.07594 -0.05084 -0.10232 -0.11521 -0.00673 0.01498 -0.03794 -0.14687 -0.0208 0.01 -0.04027 0.15795 0.07467 0.05083 0.07397 0.14211 0.05569 0.04264 0.03424 0.13767 0.05333 0.04069 0.03436
0 0 0 0 0 0 0 0 0 0 0 0 -0.0752 0.15708 0.216 0.02355 -0.07652 0.17589 0.23491 0.04595 0.02806 0.17592 0.21179 0.05038 0.14282 0.08286 0.09219 0.04349 0.13757 0.0855 0.09737 0.04396 0.15633 0.07962 0.09434 0.03719 -0.12238 -0.14038 -0.07881 -0.0625 -0.04933 -0.07468 -0.01376 0.00253 -0.08812 -0.08616 -0.01839 8e-04 0.11882 0.12 0.06748 0.05309 0.10652 0.092 0.05005 0.0332 0.0979 0.09097 0.04101 0.03099
0 0 0 0 0 0 0 0 0 0 0 0 -0.05097 -0.01248 0.06384 -0.06863 0.03955 0.00985 0.09884 -0.03996 -0.00052 -0.03301 0.08753 -0.03487 0.10596 0.03885 0.06792 0.02785 0.09632 0.03148 0.06722 0.02334 0.09151 0.03597 0.06427 0.02302 -0.03543 -0.10508 -0.05513 -0.05447 0.03918 -0.03438 0.011 0.01058 0.01509 -0.04357 0.00241 0.00661 0.08323 0.0934 0.05199 0.04571 0.1002 0.06495 0.03626 0.02323 0.07461 0.0625 0.03161 0.02171
0 0 0 0 0 0 0 0 0 0 0 0 0.1008 -0.08783 -0.01618 0.06107 0.2238 -0.04923 -0.00322 0.0781 0.1091 -0.06791 0.00578 0.08783 0.12934 0.08388 0.0672 0.02511 0.13651 0.08899 0.06804 0.0295 0.1381 0.08622 0.06668 0.03062 -0.099 -0.08187 -0.08526 -0.05867 -0.03102 -0.01379 -0.01931 0.0083 -0.06152 -0.025 -0.02339 0.00045 0.10925 0.08182 0.07775 0.04616 0.10696 0.05898 0.05457 0.02872 0.08903 0.05358 0.05358 0.02114
0 0 0 0 0 0 0 0 0 0 0 0 0.28411 -0.01236 -0.18016 -0.05043 0.35034 0.03644 -0.15001 -0.03747 0.35374 0.03474 -0.14952 -0.04095 0.11572 0.07161 0.06619 0.03653 0.12655 0.07436 0.06054 0.03449 0.12653 0.06909 0.06274 0.0342 -0.01341 -0.07379 -0.04476 -0.07093 0.05768 -0.00442 0.02305 -0.00528 0.02991 -0.01768 0.01464 -0.00571 0.07759 0.0698 0.04435 0.05357 0.09187 0.04691 0.03786 0.02355 0.07715 0.04787 0.0356 0.02211
0 0 0 0 0 0 0 0 0 0 0 0 0.07625 -0.31867 -0.14098 -0.08025 0.1745 -0.25261 -0.10722 -0.06012 0.0936 -0.27396 -0.11348 -0.07393 0.13066 0.15715 0.05526 0.04495 0.14317 0.14217 0.04978 0.04196 0.13303 0.14986 0.04622 0.04722 -0.05855 -0.04288 -0.04612 -0.06562 0.01875 0.02542 0.01906 -0.00077 -0.01241 0.0083 0.01491 -0.00643 0.09963 0.06514 0.0497 0.05449 0.0876 0.05999 0.04032 0.03298 0.09156 0.05961 0.04086 0.02925
0 0 0 0 0 0 0 0 0 0 0 0 0.30546 0.23702 -0.00533 -0.00376 0.39817 0.27226 0.02082 0.01542 0.326 0.26885 -4e-04 0.00937 0.12658 0.10101 0.0655 0.02462 0.15127 0.10783 0.06609 0.02722 0.13439 0.11119 0.06771 0.02276 -0.06366 -0.05376 -0.06305 -0.06188 0.00442 0.01626 0.00194 0.00363 -0.03045 0.00366 -0.00634 -9e-05 0.10513 0.06322 0.05146 0.04798 0.09425 0.05391 0.03573 0.02321 0.09869 0.0505 0.03079 0.02051
0 0 0 0 0 0 0 0 0 0 0 0 -0.1695 -0.22986 0.04307 -0.08786 -0.02473 -0.21061 0.05421 -0.05582 -0.10445 -0.22832 0.06859 -0.0681 0.15733 0.09285 0.0295 0.0395 0.14085 0.08962 0.03029 0.03377 0.14667 0.09525 0.03293 0.03463 -0.12572 -0.07999 -0.05231 -0.06835 -0.06045 -0.00998 0.01264 -0.00379 -0.09732 -0.01973 0.00518 -0.00634 0.13074 0.07601 0.05019 0.05506 0.09944 0.06059 0.04153 0.03005 0.11339 0.05269 0.03644 0.0267
0 0 0 0 0 0 0 0 0 0 0 0 -0.2615 0.0811 0.04426 0.05429 -0.11884 0.15289 0.06454 0.08632 -0.14529 0.16792 0.06649 0.09984 0.13754 0.05785 0.04219 0.0195 0.12795 0.0684 0.04547 0.02862 0.12907 0.06939 0.04723 0.03206 -0.0337 -0.06793 -0.07814 -0.05234 0.03073 0.00054 -0.01579 0.01153 0.00384 -0.01098 -0.02107 0.01054 0.08538 0.08033 0.06602 0.04332 0.0797 0.07081 0.04203 0.02979 0.06034 0.05978 0.04001 0.02443
0 0 0 0 0 0 0 0 0 0 0 0 0.21812 -0.11166 0.03893 0.12801 0.30352 -0.04861 0.0543 0.15319 0.21457 -0.10914 0.0365 0.13713 0.06785 0.08001 0.02859 0.05141 0.09318 0.07258 0.03137 0.05817 0.06937 0.0855 0.02904 0.05259 -0.00888 -0.08086 -0.07777 -0.05862 0.05567 -0.01502 -0.01197 0.0074 0.02902 -0.03018 -0.01562 0.0058 0.06029 0.0784 0.06409 0.04773 0.08244 0.04821 0.03892 0.02909 0.05816 0.05436 0.03693 0.02335
0 0 0 0 0 0 0 0 0 0 0 0 -0.20814 -0.01394 -0.08386 0.03887 -0.16821 0.02739 -0.06005 0.05843 -0.23953 0.01907 -0.0583 0.03134 0.12549 0.07007 0.06217 0.02616 0.11434 0.07112 0.05926 0.03036 0.14446 0.06654 0.0587 0.02458 -0.14618 -0.08463 -0.07032 -0.05554 -0.07196 -0.01752 -0.00457 0.00914 -0.11196 -0.03277 -0.01161 0.00089 0.12438 0.077 0.06029 0.05251 0.08305 0.05817 0.03222 0.03908 0.09948 0.05218 0.03677 0.03312
0 0 0 0 0 0 0 0 0 0 0 0 -0.07346 0.17723 0.00691 -0.08793 0.0719 0.23034 0.03731 -0.0692 -0.0135 0.1894 0.02 -0.06997 0.09199 0.08205 0.02292 0.05185 0.07355 0.08653 0.025 0.04744 0.09243 0.08717 0.02385 0.04763 -0.05731 -0.07849 -0.04863 -0.07456 0.01019 -0.01021 0.01444 -0.00972 -0.01312 -0.02634 0.00714 -0.00982 0.08207 0.08936 0.04865 0.05651 0.08745 0.07138 0.04011 0.02201 0.07464 0.07164 0.03819 0.02493
0 0 0 0 0 0 0 0 0 0 0 0 0.13081 -0.30938 -0.12825 -0.07172 0.19845 -0.26972 -0.0999 -0.04842 0.17677 -0.25824 -0.14008 -0.05035 0.07389 0.13587 0.07372 0.04499 0.09081 0.12576 0.06874 0.04303 0.0876 0.12487 0.07728 0.03776 -0.0114 -0.07968 -0.06893 -0.06977 0.05654 -0.0098 -0.00389 -0.00489 0.03134 -0.0225 -0.01098 -0.00911 0.07235 0.07338 0.0583 0.05836 0.07323 0.06314 0.03772 0.03236 0.0601 0.04978 0.03734 0.02987
0 0 0 0 0 0 0 0 0 0 0 0 0.0538 -0.13525 -0.02063 -0.0078 0.11022 -0.08835 0.00392 0.01787 0.09656 -0.114 -0.00526 0.01343 0.12876 0.08313 0.048 0.0308 0.14656 0.07451 0.05098 0.03065 0.13984 0.08083 0.05141 0.03 -0.07633 -0.05642 -0.07342 -0.07551 -0.00411 0.00881 -0.0052 -0.00982 -0.03437 -0.00714 -0.01187 -0.01554 0.10333 0.08095 0.0647 0.05996 0.08354 0.06871 0.03545 0.03345 0.08024 0.06465 0.03877 0.02983
0 0 0 0 0 0 0 0 0 0 0 0 -0.30078 -0.08677 0.13311 -0.06915 -0.28975 -0.06808 0.15715 -0.04317 -0.35865 -0.12933 0.16204 -0.05754 0.14659 0.07603 0.06095 0.04255 0.13463 0.07873 0.06506 0.03893 0.15215 0.08146 0.06307 0.044 -0.09432 -0.05194 -0.05712 -0.05053 -0.02631 0.01806 0.00879 0.01695 -0.04884 0.00446 0.00393 0.01741 0.11567 0.06612 0.05013 0.04636 0.12144 0.05404 0.03498 0.03108 0.10014 0.05801 0.02691 0.03511
0 0 0 0 0 0 0 0 0 0 0 0 -0.24985 0.10629 -0.11788 0.10677 -0.15645 0.12669 -0.08425 0.12542 -0.20443 0.09075 -0.07491 0.1234 0.15063 0.06326 0.04875 0.04214 0.14788 0.06311 0.04123 0.04871 0.13006 0.05842 0.03808 0.04627 -0.16279 -0.05256 -0.05731 -0.06865 -0.09904 0.0187 0.00949 -0.00374 -0.13241 0.00688 0.00375 -0.00937 0.13397 0.0746 0.04987 0.05456 0.09928 0.07149 0.02779 0.02942 0.11338 0.05848 0.0296 0.02841
0 0 0 0 0 0 0 0 0 0 0 0 0.3064 -0.03116 0.14558 -0.15043 0.3572 0.03971 0.15721 -0.12522 0.28376 0.04354 0.17484 -0.14303 0.15692 0.07461 0.08228 0.04973 0.16134 0.06787 0.08384 0.0426 0.14704 0.07819 0.08587 0.04933 -0.11054 -0.05804 -0.08327 -0.06596 -0.03573 0.00754 -0.01695 -0.00111 -0.0725 -0.00821 -0.02107 -0.00589 0.10745 0.06813 0.06941 0.05186 0.10174 0.04785 0.04948 0.0247 0.09423 0.04568 0.0439 0.02249
0 0 0 0 0 0 0 0 0 0 0 0 -0.4413 -0.07397 -0.02819 -0.06689 -0.37944 -0.03349 -0.00538 -0.04255 -0.39435 -0.07674 -0.0293 -0.04082 0.15201 0.07946 0.04205 0.03588 0.13829 0.07523 0.04122 0.03252 0.14026 0.06367 0.04215 0.03103 -0.1063 -0.05512 -0.06006 -0.07046 -0.03828 0.01559 0.00447 -0.00447 -0.06839 0.00652 -0.00223 -0.00098 0.10662 0.06293 0.0557 0.05321 0.07938 0.05812 0.03665 0.02295 0.09323 0.04734 0.0381 0.02073
0 0 0 0 0 0 0 0 0 0 0 0 -0.00674 0.02652 0.17609 -0.14376 0.04118 0.05455 0.19856 -0.12606 0.01093 0.03981 0.17627 -0.12636 0.12186 0.06639 0.07509 0.04937 0.12802 0.06826 0.08098 0.04492 0.11418 0.06786 0.07813 0.04513 -0.02159 -0.07666 -0.08566 -0.05629 0.0535 -0.00929 -0.01918 0.00974 0.02893 -0.01911 -0.02312 0.00643 0.07581 0.09733 0.06394 0.04842 0.08989 0.07899 0.03097 0.02992 0.07333 0.07549 0.02805 0.03065
0 0 0 0 0 0 0 0 0 0 0 0 0.3262 -0.22148 -0.13585 0.00971 0.38239 -0.20532 -0.12166 0.02384 0.41866 -0.23017 -0.13129 0.01447 0.12776 0.09302 0.0746 0.02042 0.13709 0.091 0.07379 0.02414 0.14669 0.09689 0.07661 0.02746 -0.06065 -0.08362 -0.07289 -0.05159 0.00962 -0.01939 -0.00818 0.0159 -0.01795 -0.02759 -0.0133 0.01286 0.07857 0.08519 0.05856 0.04319 0.07344 0.07423 0.03965 0.02729 0.0723 0.0608 0.02917 0.02592
0 0 0 0 0 0 0 0 0 0 0 0 -0.18491 -0.19583 -0.0593 -0.02723 -0.05931 -0.12993 -0.03158 0.00039 -0.11813 -0.12124 -0.06306 -0.00277 0.1139 0.08515 0.06308 0.01526 0.08196 0.07278 0.06555 0.01478 0.10568 0.07499 0.06749 0.01599 -0.03285 -0.0907 -0.06553 -0.05697 0.04589 -0.02447 9e-04 0.00754 0.02036 -0.03652 -0.00304 8e-04 0.0736 0.07476 0.06652 0.05106 0.07438 0.04655 0.05063 0.03491 0.06234 0.04865 0.0467 0.03349
0 0 0 0 0 0 0 0 0 0 0 0 -0.36257 0.32254 -0.0299 -0.04759 -0.32972 0.37197 0.01392 -0.0269 -0.27455 0.34248 0.02017 -0.02691 0.18317 0.1101 0.03593 0.0345 0.19368 0.12309 0.03441 0.03302 0.18649 0.11231 0.03883 0.03063 -0.10754 -0.06943 -0.08661 -0.08758 -0.03583 0.00018 -0.02208 -0.02181 -0.06143 -0.01312 -0.03 -0.02402 0.10442 0.07255 0.06559 0.06535 0.08346 0.05198 0.02601 0.02848 0.07768 0.05392 0.03309 0.02763
0 0 0 0 0 0 0 0 0 0 0 0 -0.54207 0.2541 0.11146 -0.0516 -0.48488 0.28938 0.1287 -0.03711 -0.49593 0.26108 0.08978 -0.05448 0.18527 0.08923 0.06561 0.02041 0.17997 0.1011 0.06674 0.01609 0.17967 0.09325 0.05978 0.01912 -0.03784 -0.0302 -0.06045 -0.07849 0.03723 0.03579 0.00743 -0.01201 0.00545 0.01696 0.00259 -0.01571 0.11084 0.057 0.0591 0.06272 0.09358 0.07638 0.04482 0.0319 0.09196 0.05347 0.04161 0.03456
0 0 0 0 0 0 0 0 0 0 0 0 -0.07526 0.23447 -0.07675 -0.07212 -0.02733 0.28861 -0.05189 -0.05922 -0.03402 0.25266 -0.05172 -0.05375 0.03967 0.08844 0.03115 0.02715 0.04312 0.10565 0.02986 0.02463 0.04183 0.10106 0.0313 0.0251 -0.11099 -0.06203 -0.06418 -0.05799 -0.04093 0.00785 0.00152 0.00638 -0.07723 -0.00884 -0.00607 0.00259 0.1049 0.06659 0.05562 0.04668 0.08265 0.05086 0.03214 0.02673 0.08863 0.04711 0.0339 0.02312
0 0 0 0 0 0 0 0 0 0 0 0 0.10354 0.14271 -0.00287 0.00989 0.157 0.17737 0.04475 0.03108 0.17963 0.15146 0.02244 0.04582 0.0914 0.08341 0.03442 0.03257 0.10071 0.08414 0.03851 0.03254 0.1059 0.08059 0.04043 0.03499 -0.06535 -0.04009 -0.05718 -0.064 0.0083 0.02631 0.01057 0.00088 -0.00929 0.00973 0.00438 -0.00384 0.08977 0.07167 0.05243 0.04809 0.07991 0.07553 0.02733 0.01935 0.07468 0.0627 0.03376 0.01804
0 0 0 0 0 0 0 0 0 0 0 0 0.01977 0.0641 -0.15803 0.03618 0.0721 0.08792 -0.118 0.06339 0.07987 0.05067 -0.10763 0.05637 0.14866 0.09368 0.07018 0.05019 0.13886 0.10718 0.05836 0.05474 0.1438 0.10499 0.05744 0.05208 -0.14728 -0.09617 -0.09219 -0.07108 -0.0785 -0.0302 -0.02393 -0.00536 -0.10437 -0.04839 -0.02652 -0.00759 0.17937 0.09357 0.07237 0.05563 0.15927 0.07255 0.03861 0.02649 0.15464 0.06838 0.03787 0.02598
0 0 0 0 0 0 0 0 0 0 0 0 0.04317 -0.02286 -0.24086 0.05725 0.07406 0.00845 -0.21813 0.08431 0.09577 -0.06735 -0.22479 0.08446 0.1066 0.09821 0.07702 0.04442 0.10919 0.10618 0.07084 0.04692 0.11175 0.10636 0.07278 0.04626 -0.09478 -0.09323 -0.09333 -0.06606 -0.02566 -0.02796 -0.02829 9e-05 -0.05062 -0.0492 -0.03464 -0.00687 0.11141 0.07318 0.07787 0.05915 0.09314 0.0525 0.04782 0.03602 0.08539 0.04826 0.04941 0.04002
0 0 0 0 0 0 0 0 0 0 0 0 -0.08539 -0.18763 -0.1273 -0.00302 0.03027 -0.16072 -0.09951 0.02544 -0.02505 -0.15314 -0.10485 0.02165 0.09987 0.10277 0.09231 0.03231 0.09287 0.0965 0.088 0.03079 0.10395 0.09941 0.09212 0.03159 -0.06601 -0.06214 -0.07091 -0.06679 0.00518 0.00591 -0.00592 -0.00152 -0.01964 -0.01071 -0.01009 -0.00545 0.09447 0.07076 0.06026 0.05093 0.08253 0.06738 0.03616 0.026 0.0784 0.06197 0.03534 0.02155
0 0 0 0 0 0 0 0 0 0 0 0 -0.07051 0.25758 0.0709 0.06207 -0.02633 0.3052 0.08724 0.0921 -0.09463 0.26271 0.07748 0.0952 0.11718 0.11078 0.04082 0.0205 0.11191 0.12248 0.04237 0.02833 0.11943 0.115 0.04424 0.03026 -0.14888 -0.05601 -0.06795 -0.06063 -0.07642 0.00673 -0.00079 0.00434 -0.09473 -0.00839 -0.00473 0.00464 0.14683 0.06011 0.05764 0.05239 0.12282 0.06341 0.04073 0.03041 0.11456 0.04313 0.0307 0.02879
0 0 0 0 0 0 0 0 0 0 0 0 0.07294 -0.21624 -0.1604 -0.01092 0.12401 -0.19391 -0.13048 0.01863 0.08437 -0.18457 -0.15452 0.00839 0.135 0.11741 0.07257 0.02354 0.13992 0.11506 0.06783 0.02627 0.14283 0.1128 0.07399 0.0271 -0.08349 -0.07472 -0.06744 -0.06228 -0.01989 -0.01138 -0.002 0.00185 -0.04223 -0.02866 -0.00857 -0.00393 0.11396 0.07698 0.05816 0.04886 0.10993 0.06134 0.0321 0.02656 0.10604 0.05618 0.03551 0.02296
0 0 0 0 0 0 0 0 0 0 0 0 0.44111 0.04197 0.08719 -0.00923 0.44982 0.07946 0.11209 0.01492 0.39325 0.07976 0.08331 -0.00402 0.18903 0.08947 0.04699 0.032 0.19776 0.09485 0.05164 0.03127 0.1883 0.09633 0.04222 0.03397 -0.09336 -0.07059 -0.07491 -0.05609 -0.0156 -0.00448 -0.00904 0.00999 -0.04348 -0.01411 -0.01545 0.00661 0.08169 0.07217 0.06308 0.04959 0.05327 0.07184 0.0388 0.03185 0.05937 0.05865 0.03464 0.0321
0 0 0 0 0 0 0 0 0 0 0 0 0.43601 0.06576 -0.06895 -0.07773 0.51201 0.11355 -0.05195 -0.0408 0.43593 0.04329 -0.0655 -0.02712 0.15736 0.07892 0.05382 0.04807 0.17827 0.084 0.05096 0.04421 0.15404 0.08653 0.05632 0.03995 -0.07065 -0.07273 -0.08384 -0.04804 0.00755 -0.00419 -0.01669 0.0181 -0.01884 -0.01411 -0.02259 0.01768 0.06038 0.07006 0.06898 0.04112 0.05679 0.05296 0.04082 0.0255 0.03875 0.04826 0.03807 0.02756
0 0 0 0 0 0 0 0 0 0 0 0 0.17783 -0.15245 0.11794 0.08196 0.25648 -0.1233 0.14994 0.11319 0.16564 -0.15228 0.12755 0.10086 0.12803 0.08927 0.05794 0.0407 0.12947 0.08863 0.06618 0.04648 0.11718 0.08872 0.06345 0.04142 -0.16813 -0.03402 -0.07835 -0.05598 -0.10457 0.03388 -0.01213 0.00786 -0.12991 0.01634 -0.01562 0.00589 0.15863 0.05029 0.0622 0.05078 0.13337 0.04891 0.02772 0.02967 0.128 0.04296 0.03131 0.03261
0 0 0 0 0 0 0 0 0 0 0 0 0.44037 -0.04093 -0.14471 -0.03527 0.54155 -0.00907 -0.11673 -0.01146 0.49061 -0.04018 -0.15007 -0.02002 0.14483 0.05582 0.0607 0.02507 0.17152 0.05604 0.05566 0.0253 0.16251 0.0693 0.06273 0.02671 -0.11804 -0.08355 -0.04533 -0.06653 -0.04758 -0.01661 0.02067 -0.00151 -0.07893 -0.02616 0.01357 -0.00259 0.12099 0.07585 0.04193 0.0552 0.09936 0.06857 0.02981 0.03035 0.09665 0.05611 0.0288 0.03075
0 0 0 0 0 0 0 0 0 0 0 0 0.014 -0.08491 0.0251 0.00398 0.09226 -0.05741 0.04992 0.03004 0.14797 -0.05166 0.03719 0.01879 0.1671 0.11263 0.04458 0.04574 0.1741 0.11725 0.04302 0.04793 0.15724 0.10171 0.03491 0.04514 -0.03805 -0.04632 -0.07476 -0.0657 0.0318 0.02013 -0.0097 0.00046 0.00491 0.00214 -0.01634 -0.00321 0.05758 0.05927 0.06469 0.04843 0.05421 0.05313 0.04051 0.01527 0.04825 0.0477 0.04035 0.01719
0 0 0 0 0 0 0 0 0 0 0 0 0.04985 0.00384 0.05293 -0.0823 0.15775 0.02941 0.092 -0.06667 0.11332 0.03108 0.10005 -0.03574 0.10646 0.06753 0.05695 0.04883 0.10017 0.07268 0.06304 0.04805 0.07908 0.08083 0.0631 0.04196 -0.12481 -0.08147 -0.05177 -0.06859 -0.04933 -0.01258 0.01262 -0.00249 -0.07616 -0.03652 0.00527 0.00107 0.13258 0.08274 0.05447 0.05311 0.08777 0.05561 0.05044 0.02652 0.10084 0.06761 0.04051 0.02099
0 0 0 0 0 0 0 0 0 0 0 0 -0.06178 -0.17505 -0.12503 0.019 0.06355 -0.13518 -0.10117 0.04687 0.02595 -0.19991 -0.10028 0.04511 0.06628 0.09099 0.06423 0.04231 0.07283 0.0838 0.05822 0.04417 0.07026 0.09888 0.05627 0.04475 -0.06003 -0.08508 -0.08019 -0.06665 0.01354 -0.0175 -0.0146 -0.00149 -0.01741 -0.02991 -0.01357 -0.0058 0.10243 0.07623 0.06761 0.05373 0.08766 0.05578 0.04358 0.02796 0.08041 0.05593 0.03995 0.02977
0 0 0 0 0 0 0 0 0 0 0 0 -0.13099 0.04214 0.07944 -0.02608 -0.03357 0.07343 0.10616 0.00253 -0.08577 0.10532 0.09218 -0.02664 0.13284 0.09451 0.04025 0.02859 0.12853 0.10371 0.04496 0.02953 0.13193 0.10371 0.04689 0.03037 -0.08779 -0.05581 -0.06857 -0.05025 -0.01776 0.00964 -0.00253 0.0157 -0.04616 -0.00402 -0.00857 0.01268 0.08859 0.05848 0.05866 0.04387 0.05702 0.0492 0.04431 0.02838 0.07253 0.04408 0.03565 0.0299
0 0 0 0 0 0 0 0 0 0 0 0 0.15133 0.08905 0.03608 0.05195 0.22089 0.14996 0.05263 0.07438 0.17911 0.11138 0.02689 0.05148 0.06154 0.07223 0.06149 0.0448 0.08899 0.08212 0.0618 0.04811 0.08665 0.07186 0.05867 0.04549 -0.08639 -0.06317 -0.05357 -0.0557 -0.01753 0.00043 0.01545 0.00979 -0.04473 -0.01812 0.00929 0.00723 0.09745 0.06986 0.05128 0.04497 0.09471 0.05147 0.04149 0.02452 0.07829 0.05607 0.0325 0.0229
0 0 0 0 0 0 0 0 0 0 0 0 0.13264 -0.13583 0.02197 -0.04359 0.24165 -0.07477 0.0519 -0.03041 0.21971 -0.06379 0.03879 -0.02291 0.20349 0.09918 0.06419 0.04859 0.20819 0.09289 0.0663 0.04562 0.21526 0.09455 0.06229 0.04682 -0.13371 -0.04432 -0.05397 -0.08277 -0.06499 0.02614 0.01357 -0.01737 -0.08759 0.01152 0.00705 -0.02036 0.12288 0.05489 0.04589 0.06294 0.09982 0.05357 0.02297 0.02719 0.09402 0.04563 0.02549 0.02731
0 0 0 0 0 0 0 0 0 0 0 0 -0.05213 0.19161 0.09637 0.06139 0.01462 0.23529 0.12596 0.09309 -0.06142 0.20488 0.11122 0.07652 0.06162 0.11185 0.05815 0.02473 0.06991 0.11941 0.06218 0.0307 0.07874 0.10686 0.05982 0.02748 -0.07613 -0.08396 -0.03847 -0.05996 -0.00483 -0.01399 0.02586 0.00462 -0.03134 -0.02741 0.01875 -0.00107 0.11114 0.08625 0.03482 0.04905 0.10556 0.0728 0.03141 0.02471 0.09228 0.06805 0.02723 0.02155
0 0 0 0 0 0 0 0 0 0 0 0 0.05056 -0.27783 0.09421 -0.08085 0.16394 -0.25369 0.11474 -0.05823 0.16262 -0.26298 0.1074 -0.07436 0.08698 0.1148 0.04308 0.04968 0.09085 0.10723 0.04711 0.0449 0.0946 0.11144 0.04733 0.05027 -0.13107 -0.06954 -0.04307 -0.07564 -0.05851 -0.00221 0.02636 -0.00993 -0.08937 -0.02116 0.02804 -0.01437 0.12876 0.08736 0.03972 0.05575 0.09458 0.07151 0.03789 0.01999 0.10785 0.07519 0.03146 0.01979
0 0 0 0 0 0 0 0 0 0 0 0 0.07335 -0.17355 -0.11693 -0.00803 0.15855 -0.12991 -0.08886 0.02133 0.11086 -0.20058 -0.10373 0.01859 0.07235 0.09729 0.07112 0.02875 0.08783 0.08135 0.06977 0.02697 0.07021 0.10093 0.07696 0.02494 -0.02853 -0.08337 -0.04144 -0.06483 0.04451 -0.0121 0.02452 -0.00083 0.02054 -0.02464 0.01411 -0.00179 0.06729 0.08962 0.03335 0.05189 0.0723 0.05837 0.03265 0.03416 0.0603 0.06509 0.02102 0.02903
0 0 0 0 0 0 0 0 0 0 0 0 0.15162 -0.10002 -0.18469 -0.02729 0.18953 -0.0875 -0.15351 -0.00255 0.23886 -0.10269 -0.14408 -0.01372 0.10215 0.09599 0.06523 0.01621 0.11553 0.0933 0.05401 0.01358 0.1297 0.10131 0.05327 0.0179 -0.11474 -0.06565 -0.08137 -0.07976 -0.04252 0.00499 -0.01758 -0.01398 -0.06643 -0.00643 -0.02482 -0.01768 0.12467 0.06862 0.07118 0.06138 0.11112 0.06554 0.04985 0.02324 0.09343 0.05185 0.04338 0.02738
0 0 0 0 0 0 0 0 0 0 0 0 -0.07437 0.30506 0.02882 -0.1076 -0.01296 0.33486 0.04026 -0.07783 -0.01916 0.31698 0.03023 -0.06221 0.11356 0.09928 0.05197 0.06846 0.11803 0.1084 0.05277 0.06172 0.11827 0.10428 0.05136 0.06058 -0.0396 -0.07595 -0.05262 -0.07121 0.02661 -0.00454 0.01439 -0.00666 -0.00232 -0.01795 0.00732 -0.00705 0.0785 0.09054 0.04307 0.05411 0.09542 0.08562 0.02841 0.02331 0.07339 0.07101 0.02162 0.02269
0 0 0 0 0 0 0 0 0 0 0 0 0.11115 0.03374 -0.23143 -0.00719 0.16828 0.07316 -0.21987 0.01343 0.18886 0.01712 -0.19512 0.00902 0.1 0.06188 0.0809 0.0306 0.10676 0.06921 0.07761 0.02994 0.1058 0.06616 0.07071 0.02788 -0.0135 -0.08119 -0.07523 -0.06641 0.05996 -0.01153 -0.00914 -0.00183 0.03625 -0.02196 -0.01205 -0.00393 0.0623 0.08458 0.06359 0.05143 0.08614 0.06039 0.03905 0.02447 0.06172 0.06112 0.03642 0.02078
0 0 0 0 0 0 0 0 0 0 0 0 -0.09809 -0.29069 0.07931 -0.06043 -0.01269 -0.24435 0.09758 -0.03242 -0.03843 -0.25924 0.09203 -0.04141 0.1249 0.11399 0.0623 0.03289 0.13441 0.10732 0.06152 0.02647 0.13569 0.10791 0.06691 0.02393 -0.06396 -0.11363 -0.07776 -0.06262 0.00139 -0.04533 -0.01242 0.00289 -0.03679 -0.06071 -0.01554 0.00304 0.08275 0.10482 0.06735 0.05681 0.06844 0.08 0.04185 0.03488 0.06914 0.07838 0.04413 0.03613
0 0 0 0 0 0 0 0 0 0 0 0 -0.55215 0.27382 0.12411 -0.06736 -0.51309 0.29384 0.15706 -0.03704 -0.52452 0.27493 0.13894 -0.0262 0.19465 0.11287 0.05874 0.02821 0.18364 0.11821 0.06749 0.02131 0.18058 0.11343 0.06496 0.01689 -0.07021 -0.08187 -0.07543 -0.06625 -0.00365 -0.01964 -0.0111 0.00133 -0.02893 -0.03973 -0.01562 0.00161 0.09347 0.07974 0.05841 0.05695 0.0994 0.07305 0.02863 0.03452 0.08143 0.06102 0.02991 0.03306
0 0 0 0 0 0 0 0 0 0 0 0 0.07884 -0.13329 0.03202 -0.01068 0.09982 -0.10409 0.0506 0.01759 0.08457 -0.0942 0.01605 0.02936 0.05697 0.10962 0.03685 0.05084 0.05945 0.10804 0.03611 0.05081 0.07792 0.11252 0.04052 0.04914 -0.07566 -0.07533 -0.07359 -0.05784 -0.00296 -0.00736 -0.00788 0.0087 -0.03366 -0.01366 -0.01116 0.00875 0.09519 0.06295 0.06049 0.05046 0.07867 0.03402 0.03361 0.02924 0.08546 0.03832 0.03272 0.03046
0 0 0 0 0 0 0 0 0 0 0 0 -0.0039 0.31742 0.15632 0.00803 0.06179 0.37554 0.18908 0.03114 0.12852 0.34591 0.19294 0.01933 0.13367 0.11593 0.0699 0.01957 0.1409 0.13159 0.07577 0.02161 0.13087 0.12765 0.0748 0.02171 -0.07027 -0.06835 -0.00912 -0.06818 0.00617 0.00169 0.05726 -0.00199 -0.01589 -0.01098 0.05188 -0.0092 0.08415 0.064 0.02034 0.04994 0.07318 0.05141 0.04551 0.01978 0.06832 0.03844 0.04041 0.01795
0 0 0 0 0 0 0 0 0 0 0 0 0.38107 0.08463 0.10538 -0.01529 0.52256 0.11557 0.13155 0.00636 0.43631 0.08833 0.13911 0.00668 0.14062 0.07171 0.08701 0.03056 0.17381 0.07284 0.09069 0.02767 0.15325 0.06812 0.08805 0.02954 -0.00876 -0.1057 -0.06607 -0.07656 0.06182 -0.03867 -0.00071 -0.01194 0.025 -0.05259 -0.00804 -0.01545 0.06895 0.09794 0.05417 0.05868 0.08077 0.08932 0.03208 0.02727 0.06788 0.06912 0.02882 0.02735
0 0 0 0 0 0 0 0 0 0 0 0 -0.70061 0.11547 -0.03093 -0.11745 -0.63257 0.16237 0.01708 -0.09815 -0.67279 0.12682 0.0158 -0.10356 0.30587 0.05604 0.02186 0.05621 0.2839 0.06849 0.02111 0.05127 0.30177 0.06409 0.023 0.05303 -0.07916 -0.07515 -0.06636 -0.06165 -0.00711 -0.00805 0.00226 0.00356 -0.03018 -0.02339 -8e-04 0.00107 0.11482 0.07711 0.05279 0.05194 0.09175 0.06047 0.02404 0.03498 0.09388 0.05942 0.02252 0.03002
0 0 0 0 0 0 0 0 0 0 0 0 -0.19842 -0.32213 0.03412 0.09478 -0.17333 -0.29105 0.05718 0.12823 -0.19813 -0.33216 0.04658 0.11269 0.1481 0.12522 0.02806 0.05209 0.13936 0.12017 0.02976 0.05794 0.13998 0.13181 0.02834 0.05391 -0.06534 -0.09897 -0.09385 -0.05759 0.01263 -0.03133 -0.02922 0.00586 -0.01902 -0.04714 -0.03384 0.00286 0.09888 0.08794 0.08287 0.04828 0.08898 0.05576 0.06392 0.02885 0.07937 0.06337 0.05592 0.02711
0 0 0 0 0 0 0 0 0 0 0 0 -0.42437 0.13576 0.08763 0.1036 -0.36612 0.16418 0.10562 0.13387 -0.37977 0.14757 0.11137 0.11922 0.19364 0.06901 0.05663 0.03759 0.18578 0.07541 0.05813 0.04569 0.18174 0.06837 0.064 0.04241 -0.06617 -0.0613 -0.05968 -0.05753 0.00296 0.00846 0.00494 0.00696 -0.02179 -0.00393 -0.00054 0.00321 0.08081 0.06247 0.05419 0.0466 0.07399 0.05833 0.03924 0.02053 0.06862 0.04901 0.03641 0.02393
0 0 0 0 0 0 0 0 0 0 0 0 0.08209 0.18046 -0.07727 -0.09461 0.12268 0.2153 -0.06346 -0.07651 0.15573 0.20911 -0.04803 -0.0746 0.12591 0.0718 0.06902 0.02958 0.12666 0.08087 0.0711 0.02468 0.12521 0.07751 0.07197 0.02431 -0.0417 -0.08624 -0.06561 -0.06737 0.03127 -0.01672 4e-04 -0.00155 0.00955 -0.02991 -0.00259 -0.00527 0.08192 0.08249 0.06304 0.05222 0.09549 0.05742 0.04717 0.0225 0.07099 0.06105 0.04309 0.02106
0 0 0 0 0 0 0 0 0 0 0 0 -0.05165 -0.18085 -0.00225 -0.09751 0.06465 -0.16935 0.03678 -0.07251 0.02803 -0.15198 0.01907 -0.07848 0.09924 0.11291 0.02938 0.04352 0.09685 0.10835 0.03274 0.03837 0.09091 0.09479 0.03164 0.04205 -0.06587 -0.09247 -0.08858 -0.06294 0.0114 -0.02774 -0.01945 -0.00012 -0.01339 -0.04652 -0.02321 -0.00446 0.0797 0.08873 0.0759 0.05222 0.07074 0.0673 0.03992 0.02587 0.06942 0.07405 0.04427 0.02739
0 0 0 0 0 0 0 0 0 0 0 0 0.253 -0.14948 0.09182 -0.00416 0.28463 -0.12495 0.11753 0.02146 0.26097 -0.16204 0.09413 0.02435 0.16259 0.12072 0.05324 0.02677 0.16958 0.11074 0.05758 0.02543 0.1659 0.11306 0.05024 0.02642 -0.0623 -0.07954 -0.07766 -0.05596 0.00792 -0.0138 -0.01378 0.00853 -0.01982 -0.01929 -0.01866 0.00741 0.09225 0.07618 0.0694 0.04464 0.10135 0.06109 0.05248 0.02512 0.07914 0.05145 0.04428 0.02497
0 0 0 0 0 0 0 0 0 0 0 0 0.09364 -0.17068 -0.05891 -0.01013 0.15739 -0.14319 -0.04271 0.01451 0.19473 -0.1386 -0.03179 0.01141 0.07853 0.09992 0.0416 0.04504 0.08687 0.09724 0.03695 0.04293 0.1047 0.08657 0.03748 0.04031 -0.08671 -0.03325 -0.07594 -0.07261 -0.01691 0.0358 -0.01132 -0.00699 -0.04821 0.02598 -0.01607 -0.01143 0.117 0.06544 0.06335 0.05648 0.10184 0.07386 0.03832 0.02377 0.10188 0.06213 0.03765 0.02642
0 0 0 0 0 0 0 0 0 0 0 0 0.04007 -0.0026 0.08173 0.04545 0.15424 0.04531 0.10123 0.07102 0.02208 -0.0024 0.10793 0.06374 0.14331 0.08078 0.05163 0.04858 0.13263 0.08767 0.05446 0.0514 0.14567 0.08772 0.05009 0.05513 -0.06945 -0.03177 -0.07207 -0.05753 0.00496 0.03449 -0.00478 0.00683 -0.03196 0.01589 -0.01045 0.00268 0.09535 0.04868 0.06294 0.04605 0.08376 0.04906 0.03933 0.02392 0.07877 0.04757 0.03633 0.02284
0 0 0 0 0 0 0 0 0 0 0 0 -0.19815 -0.08141 0.08291 0.1261 -0.09933 -0.04575 0.11632 0.15849 -0.05585 -0.03778 0.10953 0.13026 0.08639 0.07195 0.06788 0.04464 0.06626 0.07061 0.07344 0.05386 0.05236 0.07723 0.07398 0.04498 -0.06772 -0.06907 -0.06181 -0.04409 -0.00351 4e-04 0.00604 0.02244 -0.03134 -0.01107 -0.00027 0.01911 0.10445 0.06422 0.05815 0.03426 0.10429 0.04324 0.03898 0.02056 0.0979 0.03925 0.04192 0.02076
0 0 0 0 0 0 0 0 0 0 0 0 0.19917 -0.04533 -0.26655 -0.00876 0.26049 -0.00882 -0.25367 0.00023 0.25688 0.00337 -0.26402 -0.01548 0.14319 0.08927 0.09254 0.03053 0.13824 0.08883 0.08974 0.03083 0.14182 0.08747 0.09446 0.02995 -0.02951 -0.06697 -0.06296 -0.04616 0.03812 -0.00103 0.00433 0.01989 0.0142 -0.01214 0.00018 0.01973 0.0811 0.06337 0.05217 0.03678 0.0988 0.04702 0.02706 0.02532 0.07059 0.04908 0.02689 0.02456
0 0 0 0 0 0 0 0 0 0 0 0 -0.17408 0.12662 0.09757 0.01205 -0.12243 0.19587 0.12004 0.04486 -0.12212 0.11164 0.10032 0.03084 0.11681 0.07563 0.06242 0.03418 0.1132 0.08899 0.06748 0.0366 0.12092 0.07266 0.06159 0.03672 -0.0485 -0.04774 -0.07207 -0.06607 0.02037 0.01562 -0.00505 -0.00054 -0.00411 -0.00045 -0.01366 -0.00437 0.10872 0.07392 0.06123 0.05109 0.10667 0.06214 0.03828 0.02238 0.10006 0.06197 0.03552 0.02272
0 0 0 0 0 0 0 0 0 0 0 0 -0.11547 -0.13298 -0.15013 0.07202 -0.00242 -0.09759 -0.12924 0.10362 -0.01973 -0.10503 -0.14483 0.10517 0.0875 0.0677 0.07171 0.02709 0.07989 0.06995 0.07112 0.03575 0.10391 0.06751 0.07311 0.03623 -0.11823 -0.05447 -0.05712 -0.04855 -0.04588 0.01494 0.00606 0.01635 -0.0717 -0.00277 0.00054 0.01313 0.12329 0.07005 0.04959 0.03975 0.11384 0.05691 0.03538 0.02429 0.11719 0.05503 0.03169 0.02376
0 0 0 0 0 0 0 0 0 0 0 0 -0.06143 0.044 -0.04715 -0.02217 -0.01372 0.10576 -0.02364 -0.0034 -0.05504 0.06086 -0.02786 -0.02272 0.08961 0.08039 0.02499 0.03698 0.11119 0.0906 0.01886 0.03413 0.09756 0.09932 0.01729 0.03729 -0.02559 -0.0664 -0.04993 -0.07808 0.04509 -0.00106 0.01378 -0.01404 0.01991 -0.0183 0.00357 -0.01893 0.08021 0.07004 0.0453 0.05851 0.09535 0.05262 0.02769 0.02594 0.07597 0.04828 0.02802 0.02481
0 0 0 0 0 0 0 0 0 0 0 0 -0.02606 -0.00423 -0.22494 -0.01762 0.03828 0.05732 -0.1969 0.01688 0.06478 0.01307 -0.20753 0.01116 0.16397 0.05882 0.07222 0.04393 0.17372 0.0609 0.06721 0.04455 0.18444 0.06059 0.07312 0.04282 -0.0366 -0.06777 -0.06903 -0.06502 0.03081 -0.00102 -0.0024 8e-04 -0.00045 -0.01723 -0.0092 0.0033 0.07957 0.06788 0.0658 0.05115 0.08169 0.04739 0.04463 0.02339 0.07618 0.0474 0.04029 0.02176
0 0 0 0 0 0 0 0 0 0 0 0 -0.08964 -0.37095 -0.08199 -0.01416 -0.08703 -0.33589 -0.03578 0.01267 -0.04648 -0.3179 -0.06017 -0.00286 0.15627 0.12632 0.03946 0.01862 0.15416 0.11829 0.03361 0.02122 0.14696 0.11347 0.03224 0.01372 -0.0502 -0.08322 -0.05724 -0.05644 0.01703 -0.01719 0.00971 0.00823 -0.01241 -0.03036 0.00268 0.0017 0.08309 0.0785 0.05392 0.04965 0.08256 0.0592 0.02844 0.03023 0.0773 0.05544 0.02992 0.02879
0 0 0 0 0 0 0 0 0 0 0 0 0.0903 -0.02876 0.10677 -0.03188 0.16881 0.0213 0.14714 -0.00216 0.1268 0.00593 0.12585 0.02251 0.15621 0.04128 0.08078 0.03674 0.16318 0.02593 0.08518 0.03251 0.15846 0.03693 0.08238 0.02774 -0.02458 -0.04192 -0.05758 -0.05352 0.04269 0.02651 0.00701 0.01141 0.00884 0.01134 0.0025 0.00938 0.05523 0.07047 0.05465 0.04091 0.06746 0.06101 0.04497 0.02067 0.04264 0.06338 0.03676 0.01957
0 0 0 0 0 0 0 0 0 0 0 0 -0.02871 -0.07268 -0.13068 -0.0402 0.01756 -0.05173 -0.10767 -0.0169 -0.00137 -0.08051 -0.09275 -0.02002 0.07713 0.0622 0.06417 0.04575 0.06754 0.06354 0.05882 0.04499 0.08513 0.05622 0.05972 0.04237 -0.05392 -0.06733 -0.0623 -0.07229 0.01179 -0.00131 0.00307 -0.00778 -0.00679 -0.0158 -0.00196 -0.01071 0.11156 0.06306 0.05425 0.05603 0.13799 0.05937 0.0345 0.02652 0.10335 0.04641 0.03592 0.02615
0 0 0 0 0 0 0 0 0 0 0 0 0.0304 -0.0408 -0.03491 -0.07866 0.15436 0.00816 -0.00945 -0.05105 0.13321 -0.05408 0.00159 -0.0392 0.06052 0.05643 0.05716 0.03218 0.08461 0.05641 0.05629 0.02555 0.05812 0.06207 0.05074 0.0255 -0.10073 -0.06373 -0.07778 -0.06639 -0.03141 -0.00215 -0.01331 -0.00091 -0.0575 -0.01777 -0.01768 -0.00464 0.10736 0.05521 0.07039 0.05315 0.07916 0.04502 0.05064 0.02835 0.08065 0.03563 0.04738 0.02429
0 0 0 0 0 0 0 0 0 0 0 0 -0.00497 0.25469 -0.02534 -0.00905 0.09289 0.33934 -0.00839 0.01402 0.06785 0.30971 -0.03237 0.00134 0.18597 0.09267 0.04878 0.01278 0.1915 0.11653 0.04505 0.01382 0.18574 0.11413 0.03866 0.01432 -0.08455 -0.12725 -0.07164 -0.06011 -0.01556 -0.06133 -0.00307 0.00605 -0.03509 -0.07214 -0.00732 0.0025 0.09956 0.10854 0.05794 0.04655 0.0799 0.07092 0.03037 0.0218 0.07774 0.07946 0.02799 0.01979
0 0 0 0 0 0 0 0 0 0 0 0 -0.05182 -0.01839 -0.14932 -0.20395 0.04438 0.01573 -0.13246 -0.17951 -0.05836 0.03462 -0.11734 -0.17131 0.13706 0.08167 0.06645 0.07462 0.13645 0.08268 0.06512 0.07132 0.15395 0.08381 0.06043 0.06765 -0.04929 -0.12125 -0.08099 -0.07604 0.02185 -0.05624 -0.01352 -0.01166 -0.00714 -0.0733 -0.02107 -0.01241 0.09803 0.11036 0.06648 0.05929 0.09452 0.09133 0.03413 0.02882 0.08924 0.08543 0.03895 0.02667
0 0 0 0 0 0 0 0 0 0 0 0 -0.32316 -0.01155 0.04814 0.06348 -0.25872 0.07451 0.07565 0.08132 -0.26053 0.00892 0.06051 0.07706 0.14823 0.08838 0.07411 0.03495 0.12601 0.09128 0.07699 0.03697 0.11893 0.08596 0.07515 0.03531 -0.10591 -0.08525 -0.06456 -0.06266 -0.03322 -0.01636 0.00174 0.00227 -0.06196 -0.02875 -0.00634 0.00018 0.13046 0.08854 0.05996 0.04905 0.11648 0.07183 0.03242 0.02755 0.10828 0.06853 0.03932 0.02527
0 0 0 0 0 0 0 0 0 0 0 0 0.04658 -0.28808 -0.13035 0.06519 0.17278 -0.22591 -0.096 0.08631 0.10031 -0.27678 -0.11458 0.07278 0.09332 0.13073 0.06553 0.03385 0.1174 0.11976 0.05537 0.03831 0.11207 0.11873 0.05679 0.03535 -0.06622 -0.06061 -0.06295 -0.05425 0.00775 0.00743 0.002 0.01223 -0.0142 0 -0.00134 0.00795 0.08816 0.06752 0.06222 0.04946 0.07044 0.05704 0.04314 0.03467 0.06673 0.05328 0.0454 0.03205
0 0 0 0 0 0 0 0 0 0 0 0 0.0437 -0.17207 0.07371 -0.05714 0.09312 -0.12626 0.11327 -0.03255 0.08582 -0.16219 0.09974 -0.02933 0.11509 0.08062 0.0669 0.04334 0.10604 0.07214 0.07096 0.04221 0.12464 0.08179 0.06648 0.04135 -0.08299 -0.083 -0.06723 -0.06022 -0.00982 -0.01315 -0.00248 0.00423 -0.03277 -0.02054 -0.00964 -0.00098 0.11579 0.07057 0.05886 0.04914 0.10993 0.04457 0.03503 0.02511 0.09987 0.04093 0.03421 0.02517
0 0 0 0 0 0 0 0 0 0 0 0 0.09641 0.03856 0.08295 0.00169 0.17288 0.08002 0.10179 0.03075 0.18825 0.1218 0.06463 0.03244 0.10825 0.1031 0.06288 0.03331 0.11365 0.10756 0.06816 0.03503 0.12164 0.11811 0.06159 0.03817 -0.07343 -0.04123 -0.05323 -0.05675 -0.00755 0.02792 0.01181 0.00808 -0.025 0.01357 0.00214 0.00384 0.10323 0.06094 0.04996 0.04375 0.1004 0.05919 0.03902 0.02498 0.08751 0.05498 0.03428 0.0207
0 0 0 0 0 0 0 0 0 0 0 0 -0.09894 0.16949 -0.05769 -0.05302 -0.06408 0.21 -0.0243 -0.02652 -0.0791 0.21149 -0.04791 -0.03744 0.08045 0.1012 0.03924 0.03477 0.08489 0.10924 0.03784 0.03318 0.07305 0.10564 0.0427 0.03129 -0.06538 -0.07132 -0.08728 -0.0698 0.00537 -0.00508 -0.02205 -0.00529 -0.00643 -0.02054 -0.02821 -0.00875 0.07356 0.05912 0.06818 0.05139 0.08142 0.04306 0.03749 0.02039 0.04629 0.03466 0.03677 0.0214
0 0 0 0 0 0 0 0 0 0 0 0 0.24396 0.11953 -0.03494 -0.04358 0.32764 0.1661 -0.01682 -0.02477 0.33936 0.17144 -0.04174 -0.02231 0.13502 0.05542 0.05286 0.02587 0.14852 0.06829 0.05314 0.02169 0.1498 0.06538 0.0583 0.02284 -0.11729 -0.05749 -0.07033 -0.06062 -0.04639 0.01077 -0.00287 0.00713 -0.07054 0.00375 -0.00955 0.00196 0.09624 0.06157 0.05924 0.04414 0.07905 0.05526 0.04027 0.01656 0.07813 0.04512 0.03191 0.01444
0 0 0 0 0 0 0 0 0 0 0 0 0.12596 -0.23668 -0.11544 -0.08487 0.24363 -0.21452 -0.08873 -0.05978 0.14825 -0.25673 -0.0877 -0.05907 0.12221 0.07894 0.05072 0.03738 0.13917 0.07126 0.04208 0.03278 0.13399 0.08354 0.04228 0.02832 -0.05874 -0.08005 -0.06694 -0.06292 0.01365 -0.01016 -0.00371 0.00189 -0.0242 -0.02214 -0.01062 -0.00071 0.07149 0.07735 0.06055 0.05194 0.07883 0.05971 0.04269 0.02901 0.06702 0.05851 0.04015 0.02869
0 0 0 0 0 0 0 0 0 0 0 0 -0.21198 -0.02935 -0.18121 0.02055 -0.119 0.00568 -0.15565 0.04116 -0.15511 -0.01187 -0.12805 0.01981 0.10865 0.07174 0.06256 0.0445 0.10386 0.06854 0.05558 0.04539 0.12434 0.05723 0.05031 0.04041 -0.07793 -0.07099 -0.04084 -0.06703 -0.00067 -0.00577 0.02598 -0.00029 -0.03357 -0.02 0.02161 8e-04 0.09298 0.07272 0.04444 0.05291 0.06951 0.07415 0.04132 0.03398 0.075 0.05521 0.03578 0.02625
0 0 0 0 0 0 0 0 0 0 0 0 -0.07898 -0.05592 0.03461 0.00368 -0.0227 -0.00098 0.0482 0.02592 0.00269 -0.00839 0.05331 0.02222 0.12744 0.0839 0.03163 0.03124 0.12131 0.09061 0.03601 0.033 0.12999 0.09752 0.03615 0.03412 -0.09057 -0.07596 -0.05707 -0.08242 -0.01518 -0.00673 0.01023 -0.01776 -0.05134 -0.02259 0.00482 -0.01634 0.10428 0.0831 0.05139 0.0623 0.09566 0.0579 0.03677 0.03069 0.09179 0.06318 0.03298 0.02423
0 0 0 0 0 0 0 0 0 0 0 0 -0.31806 -0.23607 -0.04195 -0.03435 -0.25343 -0.18421 -0.00538 -0.01711 -0.23017 -0.2361 0.00555 -0.0225 0.17043 0.09821 0.04539 0.04675 0.16505 0.08609 0.04674 0.04612 0.15565 0.09774 0.04961 0.04633 -0.06561 -0.09023 -0.05498 -0.07643 0.00713 -0.02484 0.01076 -0.01324 -0.01473 -0.045 0.00821 -0.01866 0.07369 0.07908 0.04421 0.06168 0.05914 0.05668 0.0296 0.03796 0.05559 0.05838 0.02494 0.03463
